1000
2 1
3 2
4 3
5 4
6 5
7 6
8 7
9 8
10 9
11 10
12 11
13 12
14 13
15 14
16 15
17 16
18 17
19 18
20 19
21 20
22 21
23 22
24 23
25 24
26 25
27 26
28 27
29 28
30 29
31 30
32 31
33 32
34 33
35 34
36 35
37 36
38 37
39 38
40 39
41 40
42 41
43 42
44 43
45 44
46 45
47 46
48 47
49 48
50 49
51 50
52 51
53 52
54 53
55 54
56 55
57 56
58 57
59 58
60 59
61 60
62 61
63 62
64 63
65 64
66 65
67 66
68 67
69 68
70 69
71 70
72 71
73 72
74 73
75 74
76 75
77 76
78 77
79 78
80 79
81 80
82 81
83 82
84 83
85 84
86 85
87 86
88 87
89 88
90 89
91 90
92 91
93 92
94 93
95 94
96 95
97 96
98 97
99 98
100 99
101 100
102 101
103 102
104 103
105 104
106 105
107 106
108 107
109 108
110 109
111 110
112 111
113 112
114 113
115 114
116 115
117 116
118 117
119 118
120 119
121 120
122 121
123 122
124 123
125 124
126 125
127 126
128 127
129 128
130 129
131 130
132 131
133 132
134 133
135 134
136 135
137 136
138 137
139 138
140 139
141 140
142 141
143 142
144 143
145 144
146 145
147 146
148 147
149 148
150 149
151 150
152 151
153 152
154 153
155 154
156 155
157 156
158 157
159 158
160 159
161 160
162 161
163 162
164 163
165 164
166 165
167 166
168 167
169 168
170 169
171 170
172 171
173 172
174 173
175 174
176 175
177 176
178 177
179 178
180 179
181 180
182 181
183 182
184 183
185 184
186 185
187 186
188 187
189 188
190 189
191 190
192 191
193 192
194 193
195 194
196 195
197 196
198 197
199 198
200 199
201 200
202 201
203 202
204 203
205 204
206 205
207 206
208 207
209 208
210 209
211 210
212 211
213 212
214 213
215 214
216 215
217 216
218 217
219 218
220 219
221 220
222 221
223 222
224 223
225 224
226 225
227 226
228 227
229 228
230 229
231 230
232 231
233 232
234 233
235 234
236 235
237 236
238 237
239 238
240 239
241 240
242 241
243 242
244 243
245 244
246 245
247 246
248 247
249 248
250 249
251 250
252 251
253 252
254 253
255 254
256 255
257 256
258 257
259 258
260 259
261 260
262 261
263 262
264 263
265 264
266 265
267 266
268 267
269 268
270 269
271 270
272 271
273 272
274 273
275 274
276 275
277 276
278 277
279 278
280 279
281 280
282 281
283 282
284 283
285 284
286 285
287 286
288 287
289 288
290 289
291 290
292 291
293 292
294 293
295 294
296 295
297 296
298 297
299 298
300 299
301 300
302 301
303 302
304 303
305 304
306 305
307 306
308 307
309 308
310 309
311 310
312 311
313 312
314 313
315 314
316 315
317 316
318 317
319 318
320 319
321 320
322 321
323 322
324 323
325 324
326 325
327 326
328 327
329 328
330 329
331 330
332 331
333 332
334 333
335 334
336 335
337 336
338 337
339 338
340 339
341 340
342 341
343 342
344 343
345 344
346 345
347 346
348 347
349 348
350 349
351 350
352 351
353 352
354 353
355 354
356 355
357 356
358 357
359 358
360 359
361 360
362 361
363 362
364 363
365 364
366 365
367 366
368 367
369 368
370 369
371 370
372 371
373 372
374 373
375 374
376 375
377 376
378 377
379 378
380 379
381 380
382 381
383 382
384 383
385 384
386 385
387 386
388 387
389 388
390 389
391 390
392 391
393 392
394 393
395 394
396 395
397 396
398 397
399 398
400 399
401 400
402 401
403 402
404 403
405 404
406 405
407 406
408 407
409 408
410 409
411 410
412 411
413 412
414 413
415 414
416 415
417 416
418 417
419 418
420 419
421 420
422 421
423 422
424 423
425 424
426 425
427 426
428 427
429 428
430 429
431 430
432 431
433 432
434 433
435 434
436 435
437 436
438 437
439 438
440 439
441 440
442 441
443 442
444 443
445 444
446 445
447 446
448 447
449 448
450 449
451 450
452 451
453 452
454 453
455 454
456 455
457 456
458 457
459 458
460 459
461 460
462 461
463 462
464 463
465 464
466 465
467 466
468 467
469 468
470 469
471 470
472 471
473 472
474 473
475 474
476 475
477 476
478 477
479 478
480 479
481 480
482 481
483 482
484 483
485 484
486 485
487 486
488 487
489 488
490 489
491 490
492 491
493 492
494 493
495 494
496 495
497 496
498 497
499 498
500 499
501 499
502 495
503 495
504 500
505 498
506 501
507 501
508 503
509 504
510 502
511 502
512 503
513 506
514 511
515 511
516 506
517 508
518 512
519 513
520 513
521 520
522 520
523 517
524 516
525 518
526 523
527 518
528 518
529 524
530 525
531 527
532 531
533 531
534 529
535 526
536 531
537 536
538 529
539 532
540 539
541 536
542 537
543 534
544 540
545 536
546 544
547 543
548 542
549 544
550 544
551 545
552 549
553 543
554 549
555 554
556 546
557 554
558 555
559 552
560 553
561 555
562 558
563 553
564 558
565 557
566 563
567 561
568 561
569 561
570 561
571 564
572 567
573 569
574 564
575 567
576 567
577 570
578 571
579 576
580 578
581 572
582 572
583 580
584 581
585 584
586 585
587 586
588 582
589 585
590 581
591 590
592 584
593 591
594 588
595 590
596 589
597 590
598 596
599 590
600 599
601 593
602 592
603 597
604 595
605 604
606 598
607 602
608 601
609 604
610 603
611 604
612 602
613 610
614 605
615 611
616 615
617 612
618 609
619 617
620 610
621 617
622 614
623 613
624 619
625 624
626 624
627 617
628 619
629 625
630 623
631 622
632 631
633 627
634 630
635 627
636 629
637 635
638 633
639 637
640 630
641 636
642 634
643 634
644 639
645 642
646 638
647 646
648 638
649 642
650 646
651 641
652 650
653 644
654 645
655 652
656 650
657 650
658 653
659 657
660 654
661 659
662 654
663 662
664 657
665 657
666 660
667 663
668 666
669 667
670 660
671 663
672 662
673 665
674 669
675 665
676 666
677 675
678 672
679 676
680 673
681 673
682 676
683 681
684 683
685 683
686 684
687 681
688 678
689 688
690 681
691 690
692 688
693 687
694 684
695 692
696 686
697 692
698 691
699 698
700 693
701 692
702 692
703 702
704 702
705 704
706 705
707 705
708 707
709 703
710 701
711 707
712 706
713 712
714 704
715 709
716 712
717 710
718 716
719 713
720 719
721 714
722 717
723 716
724 719
725 722
726 719
727 721
728 720
729 721
730 723
731 724
732 724
733 729
734 729
735 731
736 730
737 734
738 734
739 738
740 734
741 731
742 741
743 742
744 739
745 737
746 738
747 744
748 747
749 743
750 744
751 748
752 745
753 749
754 750
755 749
756 749
757 755
758 748
759 751
760 759
761 751
762 759
763 754
764 757
765 757
766 758
767 762
768 760
769 768
770 765
771 767
772 768
773 772
774 764
775 765
776 769
777 771
778 777
779 776
780 778
781 775
782 778
783 780
784 774
785 782
786 776
787 777
788 781
789 783
790 780
791 788
792 787
793 791
794 785
795 786
796 786
797 787
798 793
799 795
800 791
801 798
802 793
803 797
804 795
805 803
806 798
807 800
808 798
809 805
810 808
811 806
812 805
813 812
814 806
815 809
816 807
817 808
818 810
819 809
820 812
821 812
822 821
823 820
824 815
825 817
826 818
827 822
828 818
829 822
830 821
831 830
832 825
833 831
834 828
835 834
836 835
837 827
838 835
839 829
840 830
841 832
842 841
843 838
844 839
845 843
846 841
847 845
848 847
849 846
850 847
851 844
852 843
853 847
854 850
855 849
856 854
857 854
858 855
859 854
860 855
861 854
862 857
863 859
864 855
865 858
866 865
867 861
868 867
869 863
870 865
871 866
872 866
873 871
874 865
875 866
876 871
877 867
878 876
879 870
880 878
881 873
882 881
883 878
884 880
885 875
886 882
887 883
888 880
889 880
890 884
891 882
892 885
893 888
894 891
895 892
896 887
897 892
898 888
899 892
900 899
901 898
902 892
903 902
904 894
905 901
906 903
907 901
908 907
909 901
910 900
911 908
912 904
913 908
914 910
915 910
916 913
917 907
918 911
919 918
920 911
921 920
922 920
923 914
924 917
925 919
926 917
927 919
928 923
929 924
930 926
931 925
932 929
933 932
934 926
935 932
936 930
937 935
938 931
939 933
940 937
941 940
942 939
943 936
944 935
945 943
946 941
947 938
948 947
949 942
950 943
951 947
952 950
953 950
954 945
955 947
956 951
957 954
958 954
959 949
960 956
961 955
962 960
963 960
964 962
965 964
966 962
967 958
968 963
969 966
970 965
971 961
972 971
973 970
974 965
975 972
976 974
977 967
978 969
979 970
980 974
981 979
982 976
983 980
984 979
985 975
986 984
987 979
988 986
989 988
990 980
991 990
992 988
993 984
994 992
995 987
996 991
997 988
998 997
999 997
1000 997
