1000
41 34
121 74
135 80
56 114
154 3
96 87
88 22
135 125
75 80
13 144
101 149
103 87
121 151
66 111
104 79
56 148
106 146
151 117
52 82
33 79
119 81
20 37
138 101
138 124
59 113
10 100
60 105
35 121
48 75
110 26
132 93
82 9
0 52
116 121
22 72
135 85
138 83
134 9
151 145
99 143
6 144
18 115
149 14
127 108
33 105
40 88
56 85
5 71
81 104
109 70
138 70
58 17
129 135
98 142
95 62
105 113
94 145
1 18
66 126
140 39
116 35
101 76
36 150
62 77
35 148
61 20
82 19
111 129
96 111
13 112
72 64
5 20
21 152
108 154
52 136
105 115
73 135
29 126
82 48
29 8
43 93
121 127
114 35
108 67
61 45
137 73
92 124
134 6
70 140
15 54
99 142
127 28
48 106
61 133
142 63
73 64
51 106
28 151
54 126
34 9
36 96
151 3
45 47
81 14
136 20
25 46
141 62
135 33
141 93
23 92
48 117
122 60
90 67
49 14
46 0
14 32
119 111
54 109
79 31
51 73
11 54
124 92
55 87
9 120
2 119
148 39
73 51
119 21
26 16
75 122
77 46
27 14
14 0
29 35
92 132
5 144
72 156
133 65
35 79
48 89
27 75
64 23
150 75
48 95
152 57
110 67
130 18
81 115
35 70
20 140
143 88
55 49
95 6
0 101
127 46
32 80
30 1
157 33
65 72
24 137
55 156
19 141
43 35
4 116
126 5
154 114
40 69
64 31
17 121
127 49
3 88
44 93
143 101
131 7
118 57
74 140
148 150
153 136
69 84
28 104
157 51
120 97
111 125
131 144
156 155
24 85
81 119
15 137
86 79
52 131
72 15
120 112
87 114
110 66
80 77
1 27
80 140
60 58
83 61
53 85
40 111
130 40
50 97
139 143
46 82
62 16
123 131
67 64
119 24
96 118
122 18
115 113
34 28
150 40
49 56
122 26
14 129
36 144
151 69
32 105
112 103
25 79
100 71
123 41
23 88
157 57
58 93
136 59
151 78
100 108
80 63
53 44
137 40
125 72
68 44
150 81
116 53
29 123
126 101
43 31
13 81
5 7
121 100
10 126
122 125
94 153
71 148
148 29
90 88
34 86
55 131
43 39
138 0
23 99
46 14
79 132
45 114
72 87
53 140
74 14
42 48
150 29
6 61
100 24
43 56
105 32
25 62
103 51
105 114
137 154
22 105
116 96
57 32
138 58
157 49
133 133
75 96
18 80
31 95
10 60
131 147
133 120
105 64
86 153
0 128
152 3
75 132
108 119
144 97
75 13
77 122
136 93
143 51
113 157
85 149
147 70
156 73
7 145
76 37
35 38
92 40
90 73
41 145
100 75
1 28
5 10
33 121
45 79
104 151
2 22
140 85
144 28
116 36
48 46
152 112
51 7
84 52
140 55
66 38
71 68
24 36
93 34
104 64
9 97
74 119
89 25
38 48
42 134
143 33
78 75
156 2
13 148
126 131
63 43
28 84
60 110
46 127
77 64
46 61
46 131
145 137
153 4
110 63
67 127
85 18
155 33
122 29
112 88
26 135
42 65
81 86
136 105
28 137
114 41
110 99
15 48
1 21
85 13
12 150
128 66
82 53
98 65
40 129
30 152
73 61
115 105
146 34
78 147
131 103
61 119
59 40
53 35
24 80
43 5
5 86
58 27
55 52
144 119
142 80
18 151
51 81
101 16
45 154
40 53
104 100
55 32
13 11
98 40
34 147
131 134
10 139
99 8
119 122
151 99
125 121
3 89
7 92
68 26
31 20
147 27
153 123
129 125
156 22
145 55
52 26
85 19
107 29
75 11
150 51
143 137
94 93
75 52
62 73
29 25
91 60
117 22
13 7
41 91
42 68
58 102
100 80
69 75
2 106
115 76
18 48
133 83
132 45
100 46
147 45
52 137
123 89
66 112
62 38
22 17
20 153
81 148
8 11
34 17
62 3
95 63
77 126
27 8
32 128
72 155
144 152
3 10
49 124
80 42
63 21
30 20
56 4
88 17
25 118
14 125
116 116
125 105
127 37
66 15
91 92
119 4
10 84
88 115
74 93
63 50
107 67
146 1
84 89
111 23
38 120
98 145
51 97
61 68
79 68
100 84
34 74
57 122
157 128
24 133
149 156
81 132
46 156
153 48
123 58
66 152
9 46
110 45
131 78
145 115
104 84
69 67
56 95
22 77
3 121
124 136
142 55
30 75
14 127
136 143
27 56
2 140
85 138
111 12
152 84
11 5
52 72
69 151
30 113
109 51
8 106
37 114
100 7
150 137
76 68
72 72
154 111
143 141
90 78
6 124
5 84
46 57
72 122
51 151
6 40
151 44
33 78
80 76
110 127
91 72
33 28
105 61
28 93
154 108
87 6
152 92
102 142
115 48
143 58
40 29
132 125
51 101
30 106
134 16
93 97
38 140
54 51
121 156
6 140
36 5
126 60
90 110
127 14
39 118
13 74
1 82
97 156
20 157
31 94
117 7
89 44
130 114
129 26
104 67
123 154
11 29
55 130
127 54
147 77
86 72
126 16
57 16
60 107
129 11
100 6
8 21
120 48
15 85
79 139
113 23
76 5
124 12
156 122
109 63
60 49
124 109
103 83
57 95
88 44
100 17
53 108
148 4
89 14
94 135
128 61
126 28
21 98
99 40
134 51
57 64
102 91
82 46
2 105
36 127
144 50
79 85
72 129
111 111
72 52
7 93
148 99
27 151
18 137
73 89
9 64
44 13
94 23
89 100
13 133
28 115
68 88
152 26
79 67
144 129
18 153
153 23
91 151
36 93
129 38
80 117
52 34
109 155
86 80
29 0
40 123
70 56
122 129
6 106
12 148
142 144
127 9
156 56
115 67
38 83
99 146
23 149
96 98
132 5
56 63
142 58
71 30
125 148
2 89
101 19
12 48
70 50
104 47
25 31
84 154
131 38
138 12
116 97
126 75
42 123
115 144
67 79
67 91
140 58
2 82
126 24
119 11
13 66
100 16
57 97
132 100
57 116
70 0
114 152
150 124
56 70
22 140
69 85
109 99
157 25
55 41
66 79
149 65
146 37
147 52
77 139
142 61
112 27
118 87
93 96
2 24
26 106
35 82
0 121
7 127
61 151
79 155
62 57
120 21
45 38
89 34
47 152
24 91
145 77
37 76
127 22
76 152
85 104
94 29
120 114
102 35
149 19
36 66
88 148
4 21
113 130
95 140
112 79
57 41
132 101
30 72
133 100
100 33
143 2
149 15
95 150
50 5
116 155
14 44
29 21
115 125
58 19
129 95
155 96
80 73
19 124
36 42
21 50
73 143
73 121
63 139
127 132
39 103
139 82
23 6
92 56
49 116
9 44
37 154
69 144
0 40
53 88
24 59
149 66
149 118
119 116
20 74
15 133
5 152
35 119
66 82
122 95
34 102
114 87
52 88
7 60
126 6
29 16
60 149
36 78
1 39
18 62
56 9
10 5
125 8
53 84
23 36
8 38
100 72
77 9
5 5
153 61
53 1
121 37
131 142
14 84
70 43
82 62
1 157
155 95
32 95
97 125
126 153
105 106
100 25
112 153
151 5
23 80
109 145
97 132
106 50
58 111
66 154
78 13
76 107
122 114
154 85
50 23
137 106
25 4
133 137
150 102
93 147
139 29
136 120
7 69
86 30
25 144
81 118
156 11
54 2
46 49
126 121
94 113
96 27
76 7
59 9
25 8
101 63
71 102
79 48
1 66
53 148
14 10
154 109
146 0
79 9
30 43
29 64
129 41
36 132
118 10
42 12
127 138
136 32
135 76
126 55
45 105
128 144
115 82
38 89
140 98
29 4
38 148
100 123
31 97
40 35
60 67
53 143
26 83
17 99
135 117
151 125
16 62
129 2
91 34
48 31
10 27
11 50
86 2
132 142
86 116
39 33
118 76
30 125
121 143
50 86
113 67
77 17
11 86
76 112
123 38
14 66
22 40
57 134
6 101
116 140
110 73
120 157
65 131
146 132
46 58
39 27
50 100
150 36
123 111
61 152
99 134
67 100
6 116
69 120
141 49
106 68
117 92
132 82
26 93
6 66
52 135
94 3
127 107
70 80
96 53
127 31
89 29
109 32
109 142
68 45
104 72
95 20
148 98
155 73
145 78
127 24
83 92
17 39
3 41
119 63
133 145
3 119
52 12
119 33
8 127
137 82
157 129
56 106
1 118
126 155
58 20
110 98
123 18
83 17
58 141
30 84
10 146
89 82
71 16
156 70
85 86
140 115
50 52
50 42
149 87
117 147
152 68
157 75
132 78
100 47
34 101
64 51
90 57
154 153
65 96
78 91
106 135
83 73
5 16
122 92
12 72
136 44
32 6
87 72
90 122
104 23
27 51
3 23
101 39
107 49
141 74
47 88
94 20
102 100
141 146
35 66
12 82
139 44
62 52
60 3
32 46
107 50
148 110
28 98
114 132
112 38
34 16
25 89
132 132
114 67
23 82
