100
58 28
18 60
60 16
17 23
33 49
47 96
82 52
36 95
93 23
29 53
8 36
5 16
84 99
67 18
68 90
13 25
78 49
70 71
8 42
82 11
35 2
3 72
45 37
26 58
8 15
51 84
70 44
50 77
66 78
19 98
87 76
16 70
72 12
74 19
74 93
72 65
95 52
77 45
76 1
47 84
41 85
10 36
70 25
77 54
28 20
5 44
80 44
86 19
38 5
73 50
81 72
25 35
54 67
19 46
91 62
69 20
76 15
51 94
12 3
74 76
42 84
50 4
15 33
80 78
54 82
26 100
70 65
38 52
12 37
62 93
68 65
77 68
84 46
43 54
88 19
55 86
75 11
92 51
31 5
15 22
9 9
78 47
40 55
37 98
59 81
24 2
73 66
23 13
6 3
57 8
98 53
71 90
72 49
19 78
2 90
4 49
72 65
75 13
79 25
18 92
