1000
57 90
144 63
76 121
73 13
50 72
147 149
155 154
152 107
29 65
3 125
78 10
3 22
16 83
89 47
17 67
51 102
118 40
40 130
61 108
18 122
80 28
131 53
6 99
30 72
9 124
146 148
38 113
84 9
96 105
84 52
22 11
91 74
16 147
70 64
131 38
79 147
21 44
121 51
80 130
146 35
30 38
73 122
19 146
37 91
95 55
9 113
146 93
30 132
9 58
37 77
33 111
134 47
98 116
5 55
144 17
3 135
37 103
42 14
66 21
12 81
131 28
123 104
118 123
69 99
48 25
143 47
136 108
0 96
69 123
124 148
17 146
57 125
16 84
7 59
117 81
126 110
111 62
34 125
40 121
27 11
92 53
132 25
142 143
97 87
144 106
79 113
82 13
0 138
90 63
100 88
78 86
55 19
12 75
32 143
100 97
139 27
14 22
18 75
124 135
115 130
38 141
121 151
79 46
133 46
42 39
59 110
127 43
139 119
41 113
106 128
8 141
71 54
44 42
50 48
83 142
65 111
136 154
14 101
33 3
24 70
136 43
81 47
26 11
153 122
130 40
43 4
97 85
27 87
136 69
55 3
81 126
21 35
74 71
51 100
38 110
17 80
123 153
69 64
155 111
127 136
57 55
123 0
116 27
127 29
129 135
105 91
121 37
37 114
90 37
45 138
31 95
0 63
9 93
100 146
109 74
45 115
62 38
122 136
39 22
84 17
68 85
138 103
155 21
152 156
39 142
142 153
21 15
91 138
15 19
111 154
42 28
127 107
84 108
123 98
35 123
20 95
0 104
122 85
10 113
17 109
128 112
50 17
87 45
151 102
58 0
28 133
19 51
25 157
41 78
83 23
26 156
81 112
102 81
122 13
113 152
66 80
40 62
123 12
141 73
70 25
20 149
100 118
64 23
52 1
144 125
62 73
141 51
34 42
131 106
68 3
136 25
152 88
29 106
149 86
35 83
129 157
126 69
127 82
133 40
6 1
29 14
39 137
146 116
66 150
101 130
17 70
12 121
51 127
147 145
152 148
95 72
40 63
121 95
40 9
135 141
123 156
117 9
9 103
108 107
81 48
44 92
41 52
57 48
142 157
43 101
123 142
60 142
11 54
123 69
124 122
38 130
69 17
148 138
58 132
151 146
5 85
61 114
34 31
136 122
52 7
55 41
55 103
85 117
8 11
22 111
3 7
46 107
68 34
142 68
112 7
25 75
101 22
113 26
12 19
93 66
61 21
10 57
64 31
51 141
112 82
51 105
61 137
84 15
133 100
16 91
39 104
54 24
47 106
99 117
30 90
94 106
81 20
71 5
16 145
6 80
145 83
49 92
91 152
81 28
89 74
117 135
104 69
41 30
32 3
76 153
64 103
108 26
82 143
97 28
98 108
19 6
69 145
38 91
54 145
76 95
87 157
140 95
80 69
14 111
78 56
62 107
91 110
102 53
141 114
85 40
97 107
100 8
128 63
39 140
154 38
156 30
70 34
11 122
18 130
15 5
27 54
126 49
26 34
150 35
21 12
34 4
90 82
120 154
108 113
119 10
115 125
123 33
33 35
16 50
74 133
60 154
138 17
109 115
85 81
76 91
17 54
155 26
52 86
51 149
143 56
58 145
8 143
113 23
130 81
21 127
136 11
74 66
154 34
100 25
13 138
49 27
95 3
4 24
7 92
84 1
22 153
121 107
109 92
1 64
139 29
124 137
3 157
3 100
65 7
111 132
94 108
127 123
29 116
22 114
22 90
43 63
139 32
108 21
2 55
121 76
114 54
39 108
108 135
91 44
45 139
33 40
109 146
82 11
25 43
127 55
101 150
25 138
140 33
64 20
8 105
141 40
10 82
151 67
132 80
72 41
153 26
15 100
15 70
24 50
80 120
76 81
143 33
46 29
99 32
112 34
130 56
12 82
31 18
52 47
65 121
128 140
131 40
126 89
42 115
145 85
66 3
54 92
25 52
120 83
32 88
28 24
85 122
82 14
117 72
29 109
102 98
16 48
100 54
35 91
99 149
153 145
137 25
61 37
40 41
120 9
74 150
1 29
133 117
128 145
9 11
99 34
58 21
6 54
99 144
83 118
18 13
74 118
5 119
143 28
108 148
114 116
30 15
27 33
13 135
86 114
155 122
147 83
90 70
34 1
19 145
48 111
95 116
50 34
19 120
97 82
24 43
116 99
128 61
20 122
104 59
147 139
44 37
125 4
136 91
157 119
25 141
101 133
147 38
114 139
23 38
150 125
21 6
20 107
22 58
100 130
9 140
99 57
87 97
73 22
133 140
12 6
58 144
85 142
154 147
93 22
21 36
71 124
78 106
104 115
130 154
37 18
68 4
89 53
138 14
126 16
73 55
150 36
110 91
13 37
132 154
42 48
78 2
52 113
7 12
62 54
25 20
113 86
2 130
149 38
33 125
109 102
33 76
145 6
56 36
65 18
141 41
14 99
60 39
117 68
77 100
104 39
137 142
56 60
7 134
116 35
148 1
92 78
144 16
137 82
42 127
94 128
2 136
10 111
70 26
65 155
25 25
74 129
36 76
157 45
34 141
130 17
3 80
113 60
101 97
89 93
45 56
110 58
84 36
112 147
16 27
137 107
151 21
47 62
49 77
104 61
59 131
56 71
53 97
53 16
45 41
132 13
31 65
21 14
82 84
89 41
150 127
73 106
54 85
73 110
125 33
28 90
75 153
96 17
142 107
152 35
129 6
77 48
152 55
85 98
151 152
145 103
138 102
91 10
45 124
17 102
98 22
49 2
63 134
72 69
154 18
72 139
124 43
109 153
157 110
81 148
153 4
123 107
105 21
80 98
42 123
25 155
48 33
125 81
109 68
14 88
141 83
93 103
75 101
6 116
49 88
104 145
12 4
105 47
106 96
12 51
38 121
31 83
81 49
34 77
71 103
69 68
86 106
63 86
2 82
43 66
3 0
6 107
66 2
121 148
117 18
115 31
39 120
18 12
91 83
43 35
69 117
102 72
81 90
88 33
128 148
116 69
157 36
74 40
57 54
109 14
139 43
98 52
47 11
118 138
3 153
16 57
52 97
91 69
3 102
70 119
154 0
24 142
112 45
107 150
113 47
133 0
55 22
138 118
142 128
3 56
118 111
77 22
36 40
121 132
108 106
60 44
132 35
106 157
116 16
83 26
72 24
140 90
117 5
61 7
154 10
21 124
93 20
126 152
97 66
123 155
70 17
3 134
48 11
82 77
136 72
31 86
19 49
19 117
126 143
41 47
84 14
139 104
86 148
61 6
41 95
53 110
125 98
19 125
28 34
43 112
50 30
140 24
113 126
13 24
19 30
42 68
94 142
108 37
79 106
140 136
108 47
2 5
27 130
11 18
79 146
110 101
46 30
84 5
143 11
71 72
78 41
153 70
32 142
42 92
26 48
5 51
86 98
14 93
100 95
39 40
110 118
50 112
40 36
75 36
80 11
89 46
2 100
101 10
107 52
117 154
81 3
52 105
37 150
124 6
156 107
92 90
56 95
22 98
154 72
47 17
31 20
142 114
62 18
152 2
35 122
31 112
93 72
131 65
9 64
56 111
21 121
16 12
48 21
87 155
48 84
96 138
5 65
34 33
140 58
129 105
155 139
119 137
154 29
148 127
92 151
24 59
94 87
61 82
126 48
30 144
119 117
157 65
121 45
46 135
137 50
9 111
140 12
29 93
21 33
66 93
24 117
62 102
65 64
58 25
10 66
151 119
119 136
93 120
122 78
89 152
3 29
45 59
80 59
81 69
39 73
90 44
25 91
20 157
87 122
96 107
70 146
14 11
3 117
84 79
19 135
73 102
29 23
38 155
33 82
82 137
62 47
88 98
108 70
15 26
116 39
60 140
71 44
118 68
144 21
55 105
107 145
49 64
74 58
17 71
94 105
102 148
36 106
123 45
83 27
138 18
105 17
146 34
115 84
156 41
35 149
5 73
43 131
49 79
55 0
142 141
19 69
26 56
104 12
43 143
13 77
130 73
2 91
53 155
89 145
87 38
132 116
96 20
43 41
28 56
110 93
3 150
43 56
19 133
15 88
69 49
73 77
145 84
3 32
125 74
15 104
46 122
48 99
31 126
118 57
61 136
141 147
79 105
47 119
43 79
100 41
94 52
77 103
157 117
39 134
121 23
140 68
61 45
137 8
98 147
133 81
56 38
136 56
10 91
116 108
23 46
136 19
80 79
60 100
142 83
61 72
82 109
144 86
118 2
114 88
103 127
133 137
66 112
36 6
115 80
62 84
32 14
137 155
87 21
100 129
124 11
145 39
68 58
1 33
137 21
127 35
53 48
25 77
73 74
3 24
43 154
113 44
57 153
3 52
106 78
149 53
136 95
36 52
42 126
157 59
78 7
116 62
78 9
61 36
130 121
56 116
0 107
146 77
31 73
96 153
117 25
5 147
156 152
126 107
81 144
18 31
100 157
74 79
13 94
54 46
78 105
47 47
128 2
40 141
117 82
99 151
