100
18 0
58 0
16 87
45 52
18 72
74 4
40 19
1 7
59 29
71 98
7 76
95 60
100 13
0 63
81 28
79 14
73 18
39 20
82 37
16 84
56 26
82 22
44 43
70 96
95 55
68 65
69 90
90 55
72 88
49 58
1 3
56 58
2 87
40 5
21 89
85 63
64 42
88 14
68 24
17 50
90 89
47 17
71 20
35 32
23 22
91 81
55 46
73 40
86 38
28 65
31 42
74 45
60 57
80 61
20 92
93 66
2 29
45 51
80 52
98 78
72 34
60 7
27 25
61 18
22 17
84 46
66 67
63 71
26 68
4 15
49 36
81 63
95 21
63 10
47 72
90 43
36 37
90 42
26 61
47 1
17 95
62 74
89 22
15 23
60 51
84 22
39 28
34 35
60 53
14 20
50 19
84 73
77 89
83 81
99 96
26 80
98 25
67 90
83 35
72 94
