1000
944 776
440 147
306 859
514 659
506 899
163 103
299 757
868 767
734 317
447 159
17 743
311 967
838 150
532 594
309 980
281 999
583 742
656 623
262 949
654 492
566 143
50 432
250 508
590 51
915 683
82 556
865 972
941 130
265 241
229 263
222 161
393 16
184 310
274 20
586 200
631 636
569 929
787 704
248 666
381 762
452 977
821 981
953 150
796 208
310 103
558 604
255 295
595 821
255 69
684 316
925 149
449 56
228 554
450 578
168 675
960 546
878 41
769 936
657 338
515 786
997 693
601 807
927 167
659 316
705 546
977 256
655 691
761 267
803 540
368 932
0 273
891 850
447 932
11 652
49 265
65 549
197 46
716 853
985 326
641 97
794 716
897 651
238 241
455 766
363 901
60 149
834 516
928 121
62 847
180 746
23 689
213 980
23 935
119 62
710 465
768 232
756 866
56 489
0 298
141 902
818 142
200 678
342 557
191 111
434 518
269 920
948 31
554 711
779 575
280 546
491 437
198 201
23 444
328 493
343 826
393 223
941 792
241 663
999 253
384 983
616 921
233 416
94 429
545 529
582 798
213 154
838 651
265 1000
882 18
619 370
3 834
547 27
644 429
651 59
378 983
312 727
954 542
573 45
460 981
490 416
319 761
460 512
770 635
359 95
542 142
708 112
249 723
227 613
623 793
39 948
641 708
898 116
133 359
373 544
978 779
429 792
959 669
155 757
526 979
490 554
382 156
146 231
571 815
785 923
672 591
736 906
455 427
913 608
492 110
803 875
873 724
2 76
162 904
605 537
434 279
200 876
960 110
52 39
597 292
210 366
823 552
106 173
982 386
207 546
966 413
537 149
596 401
94 493
745 863
618 425
679 362
548 766
432 898
638 280
677 381
473 149
162 808
186 91
239 588
702 756
370 998
702 570
422 387
344 727
450 259
379 957
796 591
996 450
516 487
233 84
881 402
356 899
285 155
38 642
297 774
975 106
280 115
29 78
923 338
693 881
351 980
417 905
494 794
643 670
572 541
836 57
249 660
142 393
697 453
551 901
837 761
176 889
41 770
130 670
761 895
609 41
619 733
461 798
732 319
427 214
193 955
646 639
865 469
462 29
565 401
74 869
124 897
847 509
300 451
962 743
933 54
597 928
432 644
940 665
947 256
305 876
483 264
595 491
881 715
117 678
581 597
778 676
640 27
812 825
354 361
997 859
568 879
531 59
421 646
194 453
350 886
146 811
769 683
321 139
120 89
456 516
183 338
183 603
801 428
987 546
452 24
280 475
93 635
847 636
134 583
11 987
910 421
128 113
164 684
469 577
324 321
364 641
866 153
102 48
945 439
958 785
84 977
481 8
569 99
900 83
142 784
822 57
71 636
99 616
140 488
219 662
177 993
427 591
736 224
947 429
897 736
516 38
276 838
317 47
710 751
277 8
804 810
774 522
109 627
617 115
154 700
514 998
777 122
435 647
582 870
731 422
891 22
262 588
640 747
730 573
602 632
65 706
998 457
217 754
381 754
722 489
439 767
695 517
292 173
279 363
216 310
147 417
234 996
668 118
764 152
692 797
628 861
411 995
160 784
688 575
595 408
966 436
363 426
442 651
823 45
963 542
718 52
762 617
989 389
336 916
661 512
492 206
879 861
130 393
78 573
806 599
139 664
23 763
768 619
142 519
722 418
218 948
817 867
613 319
815 758
26 987
126 532
224 271
859 516
826 970
563 901
939 246
857 680
411 403
964 984
518 970
450 833
433 899
620 144
97 354
808 62
251 571
565 52
836 258
253 339
537 245
942 651
803 695
373 474
39 643
167 245
721 67
399 403
789 399
767 416
225 498
662 57
359 790
750 242
580 262
892 111
755 736
911 579
495 38
304 524
518 465
933 755
420 682
970 229
236 359
753 824
144 659
36 553
563 547
473 291
710 723
452 368
303 146
947 13
227 368
102 145
819 761
874 312
725 899
422 316
471 80
849 167
955 248
373 296
900 467
454 526
742 600
357 821
369 609
211 399
711 514
560 942
776 765
503 211
70 335
158 865
207 934
472 509
59 93
198 90
863 99
456 908
720 228
596 24
935 408
831 376
567 542
762 598
652 815
153 598
928 659
360 720
20 453
196 647
654 912
364 373
786 546
352 259
915 691
679 81
622 687
26 321
7 158
423 339
491 322
423 966
262 165
848 767
661 606
456 484
830 943
168 263
121 33
872 991
527 429
189 380
41 776
532 690
547 950
36 796
439 916
956 933
299 60
734 772
47 356
817 337
790 545
446 217
668 545
78 498
515 982
783 854
81 199
415 583
106 177
418 466
999 38
699 687
546 681
961 725
96 166
719 989
575 658
101 419
443 306
914 339
25 237
144 627
335 133
25 17
914 623
857 759
379 644
683 417
766 41
81 162
200 273
517 175
231 174
597 563
987 728
548 65
968 8
685 769
198 917
28 456
326 201
592 86
688 188
409 2
756 465
390 405
410 577
167 241
854 457
130 966
102 57
861 137
710 89
852 839
585 117
145 385
360 988
974 788
882 953
860 113
170 214
256 978
219 212
380 664
103 431
612 118
296 120
851 653
936 406
436 809
507 488
890 639
826 54
714 839
295 630
414 892
885 611
487 389
541 929
337 129
695 318
793 194
416 617
146 130
891 275
882 116
975 483
619 427
506 254
577 982
627 418
565 293
671 486
280 851
611 966
857 438
303 734
89 735
312 955
346 594
430 555
306 93
635 70
249 978
55 616
680 157
254 918
873 218
142 182
276 255
777 3
90 660
398 954
325 71
288 297
282 636
900 852
503 684
626 801
220 528
50 187
848 722
482 978
454 574
126 547
410 772
977 322
908 878
747 528
147 244
779 748
278 580
726 450
353 788
715 964
316 169
354 393
547 530
413 444
775 289
559 545
996 424
788 215
789 209
395 166
388 813
990 62
889 500
271 996
237 761
305 57
27 847
166 174
328 229
400 115
914 259
856 97
992 298
852 640
843 401
292 265
764 253
470 571
995 332
916 935
412 381
982 91
498 574
551 18
336 834
484 848
514 568
822 216
78 330
300 601
554 273
353 725
181 674
404 265
709 152
634 36
921 347
675 560
982 679
893 646
831 352
524 387
734 8
222 589
612 132
88 919
915 735
736 946
795 895
194 314
221 788
570 281
632 285
439 374
398 354
798 535
459 554
775 683
636 380
662 629
36 850
877 167
219 546
613 972
794 413
298 724
544 213
370 69
547 693
159 755
853 377
947 958
62 727
875 304
371 719
930 769
610 829
593 741
459 86
241 579
497 464
795 429
342 595
717 243
348 332
11 375
395 730
861 636
769 12
102 928
573 551
750 167
738 658
774 562
364 178
860 56
956 614
859 816
142 190
532 926
886 1
405 962
740 89
67 142
503 975
885 549
367 531
35 850
420 898
130 294
495 299
436 597
877 940
580 125
453 20
934 595
889 293
564 919
260 597
684 803
328 369
199 49
700 579
125 906
611 410
202 3
370 737
906 772
528 96
359 535
246 24
822 366
830 964
142 21
626 358
976 392
256 95
915 282
303 376
275 111
567 411
22 879
463 930
234 405
742 580
86 508
313 875
413 419
53 291
849 668
659 142
87 548
619 479
507 97
333 106
337 210
701 323
887 828
628 703
697 941
72 561
452 3
819 470
571 783
921 450
193 766
265 873
70 255
86 13
658 557
793 137
412 767
220 234
808 602
194 214
111 272
629 447
629 29
726 719
168 368
790 276
856 598
905 369
156 341
754 26
658 736
184 444
320 800
691 294
424 688
350 300
649 107
474 453
970 389
688 450
965 744
158 24
901 373
151 904
949 677
257 829
322 622
611 560
480 365
320 879
548 4
739 454
692 936
265 134
953 902
797 50
24 882
472 402
899 175
672 903
238 433
622 855
709 214
906 178
281 221
408 458
881 378
7 151
169 296
263 845
730 641
521 770
708 283
209 524
239 338
189 173
756 614
101 992
899 83
354 85
29 853
926 964
82 623
977 5
580 608
73 476
681 333
391 602
752 356
213 186
987 542
678 274
193 450
734 586
324 474
273 485
825 5
808 214
730 3
250 895
94 393
686 32
306 129
387 611
689 575
781 621
90 774
327 317
47 988
517 877
12 219
943 194
23 454
573 854
388 196
715 784
281 619
328 298
36 113
869 658
359 242
36 419
928 492
853 71
926 51
142 821
618 353
485 275
828 677
364 859
559 313
318 719
452 904
610 502
668 66
871 997
26 990
953 256
12 258
603 66
140 551
34 988
554 394
0 803
371 392
205 573
317 193
382 625
363 121
950 390
660 89
691 49
625 811
415 4
917 446
801 832
720 978
747 939
654 47
691 638
976 666
338 599
765 770
593 103
49 767
76 12
238 274
916 594
928 953
161 905
226 140
952 595
990 920
936 465
277 182
544 161
629 524
221 989
41 810
774 884
212 646
329 569
403 845
806 824
349 795
154 661
863 659
963 220
570 403
376 242
617 784
778 673
961 440
675 510
994 342
796 548
544 346
997 184
950 227
