1000
96 500
646 796
161 255
38 82
301 395
12 662
695 63
933 782
79 45
47 378
514 450
972 990
252 915
559 256
344 46
509 825
657 197
717 811
741 422
418 729
449 602
753 641
800 826
755 670
6 204
280 998
379 343
277 122
876 430
652 262
300 384
898 489
222 126
95 996
806 114
901 500
531 994
101 785
92 582
352 33
202 859
235 158
654 839
397 998
771 227
245 747
529 774
576 656
522 653
782 734
203 893
650 835
57 221
192 9
592 453
797 786
423 523
784 779
941 953
507 13
892 36
498 948
748 236
768 224
663 417
802 388
585 431
904 523
441 113
496 631
625 634
394 932
661 997
958 39
723 939
8 137
900 531
637 425
390 769
338 437
408 199
367 994
240 444
995 970
372 732
992 88
879 75
738 370
847 664
658 606
301 159
442 185
340 647
578 751
304 782
382 319
301 938
708 727
452 104
13 769
465 912
796 943
806 227
571 400
617 930
390 199
328 908
3 785
193 836
771 460
543 839
850 715
564 404
229 551
170 443
954 311
553 674
855 486
634 413
419 791
93 614
37 243
122 535
547 464
229 556
327 688
443 0
497 524
454 38
64 739
409 895
950 799
638 330
665 969
628 407
700 82
801 531
928 56
654 518
139 990
856 65
992 510
427 846
641 925
628 493
734 207
548 935
937 138
507 618
538 378
226 246
339 429
8 431
944 554
783 448
183 97
44 357
733 941
113 672
34 297
400 930
209 879
175 676
432 253
353 154
492 630
964 869
97 503
861 551
414 528
269 207
476 158
100 590
706 383
961 783
764 31
213 430
574 67
416 452
65 768
122 932
605 396
48 573
640 627
225 128
876 565
439 463
408 217
51 380
481 211
117 678
830 497
395 487
929 159
934 799
142 415
448 374
65 662
449 297
722 2
325 161
852 849
183 92
568 359
209 239
487 141
479 123
324 58
371 75
418 369
206 78
422 346
411 380
360 256
595 310
994 44
35 48
214 697
408 153
821 516
465 468
967 779
254 614
105 939
954 865
573 349
172 738
375 997
546 74
617 211
978 695
388 337
173 578
231 537
480 560
264 745
153 747
697 804
647 366
809 27
306 389
908 199
16 577
139 126
402 145
901 534
55 41
662 154
210 302
657 43
409 951
205 331
210 962
5 185
159 698
506 940
424 549
966 205
944 40
989 506
948 273
185 361
264 262
294 958
383 192
154 902
271 327
223 252
187 452
279 334
411 4
199 42
336 605
193 361
338 174
505 754
286 520
986 721
263 424
366 701
179 204
627 872
272 570
202 638
80 544
553 68
531 21
903 366
22 108
27 641
463 232
847 95
368 775
371 263
986 41
415 865
837 53
647 842
747 64
648 30
197 451
156 100
190 880
54 960
117 625
118 41
191 51
203 589
757 370
884 354
871 374
220 52
239 767
283 948
677 803
135 289
401 454
787 595
289 226
733 39
423 487
722 632
66 832
386 420
230 497
161 956
539 42
85 281
211 348
679 633
754 401
485 486
743 157
806 114
291 63
748 640
688 641
453 400
658 716
22 131
857 256
900 725
618 750
995 3
514 495
861 764
337 921
758 262
688 788
876 995
206 431
212 264
21 399
462 981
211 905
3 484
962 641
805 888
827 918
789 852
844 374
906 148
698 218
463 523
276 877
109 86
172 563
241 940
226 894
451 528
44 862
16 154
948 996
930 433
351 19
530 186
865 812
511 100
926 941
284 133
618 709
856 571
37 827
370 981
803 234
340 96
297 632
826 326
582 951
831 720
204 149
613 182
591 986
302 947
147 905
968 145
461 867
275 958
893 335
939 947
80 442
871 289
909 52
522 911
21 20
409 699
348 353
354 83
156 744
609 941
756 633
468 869
181 763
335 251
94 886
977 464
966 273
301 839
847 606
878 150
844 749
59 580
555 611
78 298
843 649
603 350
45 266
120 300
886 739
445 638
1000 368
434 342
280 389
375 963
391 607
714 336
934 11
885 881
816 163
654 869
238 554
945 694
253 870
586 121
469 348
573 73
54 673
15 521
721 83
922 35
909 618
108 201
793 780
168 386
784 685
635 519
667 598
930 885
231 387
857 912
156 918
393 970
350 654
129 509
664 998
977 62
535 88
417 203
778 886
153 102
390 431
557 312
688 819
773 413
293 995
980 744
88 758
940 899
863 572
695 84
534 72
269 61
500 999
227 370
132 587
157 445
518 424
978 245
509 31
932 511
699 607
901 909
754 990
387 454
725 181
612 239
398 861
400 244
810 109
486 760
577 752
274 185
756 374
952 113
453 525
688 275
701 480
605 359
917 276
6 431
252 83
391 248
835 550
502 184
194 804
521 394
952 422
10 534
686 888
149 260
453 329
814 168
55 147
859 624
353 33
955 60
718 924
188 400
293 772
987 25
470 736
587 702
486 551
563 336
50 340
467 97
191 681
528 919
928 372
723 105
343 792
704 369
480 886
986 96
842 124
217 252
630 639
120 7
341 695
959 746
432 195
8 837
90 969
344 966
319 200
974 490
344 357
133 873
489 550
910 29
500 180
806 888
384 707
901 610
704 121
331 590
971 195
694 290
486 863
975 259
647 866
747 707
906 366
359 294
768 767
932 1000
76 665
297 323
723 231
616 451
617 717
537 660
956 279
428 470
583 511
143 324
185 766
970 770
585 971
996 530
185 626
150 86
806 476
677 662
567 986
830 930
41 661
792 376
653 604
348 372
458 338
600 202
276 465
793 63
719 560
778 756
246 494
118 707
787 659
687 338
59 322
819 249
569 262
671 458
789 215
680 758
231 700
199 416
756 971
850 745
464 335
629 397
413 793
971 231
704 685
587 610
996 137
985 66
741 908
356 115
544 786
453 894
86 311
573 29
201 979
778 37
573 286
792 934
60 610
628 821
431 298
605 992
153 22
759 210
843 888
685 388
749 152
793 625
253 797
991 261
150 781
472 694
661 607
535 580
272 879
908 829
532 483
625 89
608 297
744 701
990 500
507 548
270 594
687 325
330 834
529 971
782 70
490 533
469 50
693 457
14 568
238 483
443 638
681 819
494 519
346 733
152 38
874 857
926 619
995 42
901 70
899 997
387 82
649 473
961 812
249 420
482 484
23 263
284 76
76 587
424 927
624 875
504 208
772 804
766 745
723 240
184 389
116 262
133 279
367 576
276 419
934 228
378 334
181 522
583 872
876 489
568 391
10 283
196 544
20 829
907 904
251 21
73 634
553 571
882 314
384 602
585 923
852 545
376 750
246 934
599 597
776 426
884 574
241 576
536 136
552 682
504 154
221 16
787 648
75 800
864 32
868 958
461 653
647 347
103 422
311 897
540 491
962 54
884 330
975 909
237 756
23 603
180 891
213 625
951 336
425 88
71 484
764 434
214 93
141 875
164 47
820 277
215 619
261 750
920 610
266 654
620 9
506 388
703 533
274 213
770 23
200 742
227 724
488 737
545 399
745 963
890 163
899 597
783 209
183 922
700 74
298 240
553 572
116 105
912 861
334 663
313 408
697 166
907 426
151 128
241 302
714 625
368 215
946 850
89 1
229 262
845 624
273 722
286 431
98 677
225 504
186 284
215 367
811 720
459 808
574 967
46 548
574 696
611 751
992 541
79 716
416 221
470 220
134 112
755 701
631 265
5 698
290 752
897 382
180 564
153 52
33 649
256 951
863 643
627 711
986 823
705 198
524 395
770 322
356 114
380 50
951 718
221 765
747 436
149 756
782 656
501 29
770 261
178 412
947 39
410 908
550 233
392 481
333 716
186 633
87 802
242 443
396 90
464 619
664 107
529 227
754 257
744 420
573 549
928 467
118 60
743 711
539 43
51 427
600 32
179 962
635 616
769 228
333 948
84 944
561 680
845 628
535 702
382 83
912 352
755 955
178 957
599 774
542 800
923 1
384 381
603 471
801 471
191 237
439 361
298 42
375 870
292 385
407 209
267 61
852 140
856 845
252 424
748 105
144 137
674 892
94 737
344 363
390 24
79 367
793 110
925 854
734 291
12 518
757 601
128 138
64 42
216 52
464 198
512 990
52 943
585 470
710 630
194 469
125 278
565 677
385 758
555 764
394 58
748 892
673 146
380 576
957 738
9 52
459 180
387 872
581 254
490 290
259 611
187 389
402 332
792 759
215 68
830 339
941 26
677 353
166 500
426 707
589 301
974 359
47 668
303 529
58 422
613 899
369 112
687 55
913 715
227 314
357 51
229 625
532 119
745 176
297 179
984 792
637 440
960 841
975 134
318 319
674 152
690 917
969 967
443 536
679 564
187 120
912 569
82 902
13 622
778 145
358 547
729 250
64 821
825 458
862 608
841 621
167 700
291 41
482 958
29 750
439 578
881 111
92 612
949 277
477 963
882 718
184 527
55 642
991 15
193 691
325 790
749 615
298 563
210 319
6 32
970 762
71 288
112 984
827 303
444 919
108 706
328 768
468 269
105 701
757 464
679 590
466 551
61 453
216 770
547 332
675 679
765 564
77 686
691 952
153 156
101 165
888 97
