100
60 67
74 14
20 11
87 55
41 32
57 96
3 12
44 63
40 93
3 97
12 73
100 40
68 80
21 61
5 47
52 12
34 73
77 2
98 95
46 6
100 48
43 76
78 72
66 44
10 80
46 70
74 98
27 39
73 90
85 19
69 88
8 19
50 71
75 79
1 16
1 4
9 10
99 19
8 15
64 87
88 40
96 60
51 91
20 71
60 26
46 13
56 93
22 1
28 61
22 6
79 81
46 92
81 13
76 57
28 39
24 27
96 32
76 63
25 24
96 99
58 100
97 71
63 11
5 62
27 98
0 56
49 30
2 70
20 18
4 100
90 32
93 37
92 79
7 89
89 13
98 16
93 66
34 33
24 79
11 83
28 81
32 3
45 85
3 22
18 94
37 29
97 61
89 82
66 8
36 23
1 18
42 24
68 95
52 31
63 90
45 11
78 75
13 46
21 34
14 91
