100
42 36
29 13
11 22
46 30
12 3
17 6
43 49
46 36
31 0
14 47
32 20
7 25
42 49
25 14
9 17
32 25
44 5
30 21
33 16
37 29
44 44
21 22
4 7
5 44
29 49
18 29
36 8
21 41
25 44
17 18
48 22
46 34
45 28
39 28
17 37
30 18
40 40
12 4
8 23
15 16
3 7
8 44
18 32
12 41
19 19
16 49
3 11
18 48
16 23
41 45
5 37
21 14
42 41
30 33
37 38
35 17
0 6
6 23
7 1
23 27
18 25
6 4
47 10
9 5
16 46
24 44
7 46
1 32
18 27
36 32
25 17
16 15
22 16
38 8
48 15
30 0
38 48
7 6
14 26
19 17
43 43
42 1
42 23
38 10
45 4
16 25
19 27
9 1
22 30
29 41
45 29
24 31
21 39
16 10
8 32
16 44
25 43
6 36
37 36
31 30
