100
23 32
16 5
10 12
21 26
47 6
5 42
32 25
15 11
13 3
30 21
25 20
22 24
10 32
46 14
37 10
45 26
44 31
4 17
48 15
31 2
20 2
40 27
42 23
28 5
5 1
12 21
9 20
27 31
39 0
2 14
5 43
7 45
7 38
16 7
6 31
23 4
34 0
33 6
39 37
14 15
17 16
22 27
24 24
38 31
9 36
35 10
1 19
8 0
6 26
41 26
42 26
44 21
31 42
30 19
27 13
26 15
4 16
12 30
46 34
42 25
20 40
14 31
10 35
43 13
20 41
20 17
46 37
2 35
41 39
42 19
43 18
4 23
48 21
48 27
47 5
30 44
24 49
18 2
49 45
47 2
5 45
3 22
23 39
22 7
39 7
32 1
3 40
11 37
18 38
1 33
17 12
19 44
40 23
14 25
6 3
31 43
41 5
18 24
46 6
47 10
