1000
4 591
775 8
690 562
216 822
724 326
645 793
433 161
492 149
975 249
617 313
763 979
879 527
268 294
816 446
243 438
389 316
968 256
945 501
774 220
979 328
344 614
199 842
257 270
229 770
84 986
480 572
641 516
987 3
955 584
532 716
31 711
988 380
797 470
832 100
613 470
163 104
352 741
744 616
640 375
952 934
105 401
40 403
397 616
889 379
1 495
78 837
789 603
714 233
761 749
661 341
362 379
59 206
241 196
412 75
355 344
608 419
172 895
300 582
548 354
74 168
596 435
488 478
292 148
277 70
184 186
303 858
7 994
854 928
846 689
469 651
76 873
29 840
658 645
464 558
762 322
577 731
722 524
71 488
423 27
910 868
729 202
532 516
881 831
339 453
919 78
884 296
111 59
999 421
636 78
101 803
223 610
351 963
189 471
603 382
338 698
26 531
292 561
517 217
685 599
56 895
461 327
241 625
625 923
323 630
195 21
905 691
183 192
312 5
410 92
607 948
924 49
579 266
515 29
189 509
80 612
77 922
478 129
546 244
868 613
995 556
992 479
476 904
804 587
805 600
475 658
94 831
645 404
48 760
767 381
963 683
144 3
962 716
562 269
601 760
623 325
498 920
587 840
740 735
378 749
385 199
71 700
686 152
773 510
213 223
516 809
413 263
631 204
111 770
391 285
101 763
788 802
204 49
893 867
362 892
822 148
151 150
2 173
517 415
700 547
984 366
393 373
186 674
91 180
704 386
871 133
897 450
948 565
986 775
831 689
532 473
485 431
595 384
217 722
149 566
319 664
832 537
646 201
386 322
554 263
530 251
241 23
972 655
414 953
625 442
534 916
903 437
580 752
5 513
18 687
354 477
574 812
280 862
822 381
106 430
445 327
771 532
550 973
318 844
407 204
715 963
345 715
341 726
480 931
55 443
550 453
948 313
348 967
995 592
733 475
894 929
927 975
842 78
230 697
673 574
633 399
172 676
434 520
220 419
561 841
160 584
298 954
975 504
47 372
372 569
967 588
58 9
314 748
438 331
180 778
916 941
740 582
724 161
475 392
160 718
693 782
606 185
818 516
870 994
421 554
539 851
519 322
416 135
752 716
302 412
2 118
696 345
990 212
703 309
170 974
832 916
661 802
833 421
558 755
475 888
992 81
577 158
954 128
950 426
263 148
430 291
214 38
227 120
241 389
873 448
969 17
253 550
910 584
691 697
155 361
209 81
816 110
531 598
990 19
831 42
747 453
589 659
304 680
629 74
419 288
713 298
922 712
657 644
660 780
710 497
475 487
387 723
586 562
78 748
733 104
505 111
513 66
405 238
728 637
883 788
50 723
274 295
184 366
876 259
938 170
528 962
741 866
875 988
539 863
49 185
818 450
639 488
198 450
366 365
850 788
147 769
129 261
855 343
227 940
551 811
876 194
419 88
715 577
801 160
76 741
535 230
803 195
970 347
450 754
320 371
99 164
467 908
550 951
731 442
405 940
913 581
877 115
252 196
31 197
654 733
209 980
969 317
0 357
906 601
272 737
882 908
260 536
722 564
625 998
560 317
723 929
177 376
823 386
877 955
347 365
445 236
717 793
552 775
945 539
394 771
840 767
518 248
528 799
885 402
340 835
641 171
825 100
437 378
203 606
187 310
277 892
515 3
806 822
175 517
188 918
430 485
844 862
371 566
719 544
404 121
703 214
677 673
685 226
800 231
879 440
305 764
196 256
219 775
681 254
199 507
356 644
135 270
400 380
726 845
320 677
102 194
963 378
486 393
229 751
964 253
403 960
30 50
822 446
986 946
723 860
171 822
554 468
822 641
506 441
372 574
469 167
119 666
680 401
699 965
424 124
825 680
845 301
751 453
241 889
209 892
920 553
806 349
436 711
295 670
248 955
718 33
777 508
631 152
145 528
78 389
230 570
139 74
963 561
679 901
543 197
421 569
766 311
226 520
469 832
13 392
65 341
588 502
662 820
489 159
569 353
111 888
821 802
329 977
343 390
617 429
316 525
361 475
303 833
152 557
36 68
906 377
778 186
105 146
586 121
158 782
390 178
866 978
424 778
721 560
79 522
658 182
469 614
379 127
923 513
860 732
460 507
784 197
395 356
856 560
455 707
826 725
607 501
343 507
52 931
152 538
594 8
383 747
670 602
540 55
223 796
58 484
631 671
390 657
811 179
286 846
152 485
391 714
664 118
675 220
39 754
57 923
693 184
893 40
835 874
831 658
622 637
868 84
33 203
919 332
305 338
149 407
441 508
239 867
634 308
622 743
979 39
876 794
234 124
581 144
989 302
221 241
601 456
28 266
719 946
50 323
133 607
939 907
509 792
567 406
163 519
49 412
957 16
636 495
715 107
673 469
106 190
655 684
896 52
153 915
793 908
7 255
691 990
306 203
924 905
251 129
183 914
422 307
415 122
980 957
362 572
601 771
124 453
510 59
443 850
814 617
867 167
90 489
415 890
594 805
808 449
144 694
452 141
403 466
228 789
172 369
9 773
235 171
50 698
583 142
682 324
25 840
989 800
631 196
737 715
675 62
932 942
284 652
465 677
656 417
401 846
222 668
481 525
330 515
382 215
262 374
730 482
664 332
23 684
323 813
584 102
821 577
37 340
115 492
732 395
298 290
555 930
577 461
197 688
662 489
714 458
125 641
796 313
641 728
788 986
200 523
961 915
938 901
416 998
192 51
311 28
94 254
981 618
764 208
964 594
359 856
926 670
159 964
465 924
395 634
546 684
63 169
317 586
647 945
441 285
843 858
805 90
436 171
127 959
378 309
640 960
298 396
638 982
795 318
817 407
853 546
322 190
81 693
930 498
965 445
887 952
415 448
878 962
208 231
564 19
991 487
60 725
198 323
412 491
66 614
740 375
573 983
317 112
76 163
723 414
641 120
574 120
846 449
979 282
66 912
845 79
830 280
601 874
281 819
844 998
607 344
109 581
390 476
13 136
109 251
776 230
634 198
708 819
338 417
299 675
741 418
569 95
87 102
677 516
319 585
869 185
256 406
647 546
377 223
128 410
434 225
51 708
828 311
538 472
10 725
282 252
634 822
430 781
67 95
693 226
444 182
718 705
763 312
830 817
114 236
222 149
974 188
259 76
691 597
537 839
884 413
396 275
573 979
266 962
598 340
489 592
167 927
959 837
213 269
25 413
641 282
367 91
179 943
835 546
722 368
762 395
435 480
365 927
659 13
47 326
156 180
918 925
397 50
338 688
359 168
174 264
730 44
274 277
424 960
424 885
892 56
27 323
916 731
193 51
814 374
347 604
183 79
32 525
313 410
629 345
681 21
669 440
321 174
242 14
450 173
467 908
652 811
973 582
990 40
935 732
826 308
292 649
963 700
601 389
347 82
442 579
703 841
116 968
654 154
467 243
631 802
720 420
572 389
837 238
19 688
329 500
560 684
401 139
346 922
963 902
240 641
635 811
770 482
875 883
887 163
114 227
957 606
408 830
427 277
783 636
360 570
390 972
857 162
171 841
691 864
813 872
280 757
49 989
656 980
647 976
733 152
425 353
89 417
27 410
841 358
506 293
228 257
759 780
908 391
710 628
99 9
799 309
622 779
479 554
626 519
747 685
201 846
195 942
101 433
479 764
545 994
385 927
974 68
654 608
135 97
20 395
983 5
786 105
268 59
556 246
148 418
703 995
962 781
262 26
366 70
318 699
433 414
166 382
699 291
356 332
24 989
624 238
560 71
771 58
725 623
709 76
579 856
280 157
405 236
514 13
786 704
515 454
336 103
707 770
499 371
107 334
927 29
69 652
566 495
903 96
511 717
840 145
52 780
92 692
211 6
598 828
781 100
148 422
550 305
104 353
231 263
923 393
268 104
351 365
283 144
157 296
532 111
128 707
735 139
185 452
8 364
920 72
264 482
896 91
49 273
478 789
915 501
467 623
615 276
666 486
253 234
147 242
199 200
537 367
5 556
982 559
676 365
709 962
732 897
858 417
323 81
297 429
577 785
710 346
844 1000
121 956
1000 271
89 176
771 607
597 374
818 129
136 452
435 87
855 866
752 919
694 8
417 78
387 329
856 159
944 219
284 802
48 43
433 390
2 295
799 655
685 133
630 509
640 393
879 384
302 948
570 531
270 525
345 93
719 877
213 565
47 867
661 430
44 528
348 522
451 234
111 671
107 830
988 663
513 110
225 866
882 844
83 80
292 388
390 211
679 534
608 498
352 402
684 666
108 627
781 323
855 271
553 773
879 668
591 493
219 218
530 661
823 603
518 84
343 208
336 330
628 687
803 897
608 645
378 708
106 796
833 167
473 659
102 968
842 92
789 88
865 522
419 559
453 623
306 386
686 548
843 461
510 709
745 244
851 723
976 465
892 724
260 245
664 649
910 74
883 24
21 82
555 956
353 270
165 792
346 583
791 671
68 255
44 871
242 249
89 788
791 769
619 15
265 840
246 240
48 407
346 135
79 951
101 387
105 918
425 461
448 113
726 263
920 194
117 993
705 114
248 741
221 795
