1000
2 1
3 2
4 2
5 1
6 5
7 5
8 6
9 7
10 8
11 5
12 8
13 6
14 12
15 14
16 2
17 12
18 4
19 9
20 2
21 17
22 10
23 19
24 16
25 10
26 18
27 7
28 7
29 13
30 28
31 6
32 23
33 31
34 21
35 13
36 15
37 5
38 27
39 4
40 32
41 15
42 4
43 40
44 19
45 18
46 34
47 19
48 8
49 32
50 30
51 19
52 48
53 33
54 15
55 34
56 18
57 36
58 3
59 56
60 36
61 59
62 56
63 60
64 15
65 51
66 29
67 11
68 63
69 35
70 14
71 39
72 41
73 46
74 50
75 70
76 71
77 75
78 69
79 58
80 62
81 29
82 28
83 78
84 15
85 47
86 57
87 59
88 8
89 73
90 48
91 29
92 19
93 56
94 75
95 44
96 28
97 35
98 17
99 25
100 61
101 42
102 87
103 6
104 5
105 19
106 25
107 73
108 68
109 39
110 64
111 57
112 27
113 74
114 31
115 35
116 61
117 30
118 102
119 116
120 100
121 73
122 29
123 115
124 60
125 37
126 106
127 72
128 34
129 87
130 33
131 93
132 103
133 95
134 51
135 17
136 62
137 31
138 9
139 108
140 77
141 138
142 89
143 76
144 12
145 16
146 11
147 4
148 17
149 139
150 84
151 139
152 81
153 19
154 120
155 95
156 139
157 153
158 116
159 44
160 1
161 56
162 23
163 42
164 78
165 38
166 99
167 10
168 41
169 10
170 54
171 41
172 32
173 49
174 33
175 59
176 47
177 86
178 91
179 60
180 158
181 5
182 137
183 3
184 54
185 160
186 149
187 39
188 169
189 29
190 173
191 88
192 100
193 110
194 138
195 174
196 63
197 70
198 127
199 84
200 128
201 115
202 39
203 143
204 57
205 112
206 101
207 100
208 167
209 149
210 18
211 64
212 106
213 197
214 94
215 82
216 155
217 87
218 158
219 212
220 28
221 44
222 26
223 34
224 102
225 96
226 24
227 115
228 66
229 7
230 200
231 17
232 15
233 202
234 18
235 207
236 45
237 18
238 91
239 61
240 136
241 53
242 14
243 222
244 209
245 134
246 119
247 42
248 56
249 73
250 233
251 12
252 139
253 115
254 238
255 244
256 184
257 119
258 149
259 243
260 228
261 94
262 116
263 231
264 175
265 97
266 152
267 79
268 177
269 160
270 69
271 30
272 35
273 189
274 47
275 4
276 126
277 225
278 108
279 9
280 79
281 270
282 159
283 25
284 101
285 134
286 151
287 122
288 124
289 218
290 196
291 136
292 26
293 183
294 197
295 238
296 98
297 149
298 12
299 69
300 8
301 90
302 111
303 224
304 248
305 117
306 76
307 152
308 58
309 226
310 26
311 213
312 290
313 277
314 122
315 300
316 75
317 100
318 113
319 239
320 100
321 50
322 80
323 50
324 164
325 314
326 194
327 50
328 28
329 81
330 322
331 266
332 326
333 15
334 135
335 17
336 25
337 278
338 313
339 54
340 24
341 24
342 222
343 74
344 316
345 102
346 223
347 83
348 98
349 66
350 126
351 107
352 242
353 199
354 349
355 17
356 127
357 229
358 349
359 175
360 309
361 2
362 121
363 179
364 284
365 275
366 365
367 66
368 236
369 312
370 280
371 45
372 185
373 123
374 270
375 80
376 62
377 42
378 328
379 51
380 274
381 339
382 119
383 356
384 341
385 96
386 193
387 152
388 162
389 147
390 368
391 85
392 10
393 3
394 7
395 66
396 379
397 351
398 342
399 40
400 337
401 178
402 130
403 111
404 152
405 245
406 183
407 182
408 254
409 321
410 175
411 248
412 282
413 392
414 379
415 142
416 299
417 261
418 182
419 295
420 73
421 322
422 271
423 3
424 163
425 34
426 201
427 252
428 380
429 143
430 63
431 327
432 135
433 125
434 136
435 115
436 229
437 19
438 287
439 263
440 236
441 34
442 308
443 125
444 291
445 228
446 166
447 63
448 141
449 255
450 2
451 25
452 58
453 318
454 303
455 357
456 364
457 311
458 6
459 25
460 89
461 54
462 341
463 75
464 93
465 161
466 195
467 319
468 466
469 304
470 107
471 47
472 62
473 38
474 7
475 408
476 77
477 240
478 119
479 293
480 459
481 310
482 187
483 217
484 103
485 100
486 478
487 381
488 191
489 252
490 251
491 79
492 383
493 477
494 1
495 143
496 124
497 293
498 259
499 314
500 216
501 26
502 263
503 229
504 167
505 53
506 486
507 87
508 113
509 292
510 304
511 48
512 203
513 17
514 37
515 19
516 319
517 92
518 288
519 132
520 498
521 310
522 162
523 488
524 131
525 287
526 491
527 384
528 411
529 145
530 138
531 80
532 180
533 525
534 170
535 189
536 58
537 285
538 171
539 362
540 398
541 171
542 395
543 207
544 505
545 185
546 331
547 535
548 480
549 209
550 209
551 457
552 12
553 95
554 22
555 82
556 22
557 421
558 513
559 430
560 142
561 478
562 166
563 230
564 224
565 34
566 467
567 5
568 134
569 457
570 200
571 457
572 166
573 18
574 358
575 22
576 80
577 534
578 213
579 263
580 295
581 276
582 434
583 85
584 87
585 535
586 220
587 565
588 326
589 258
590 151
591 14
592 244
593 116
594 319
595 350
596 548
597 201
598 497
599 381
600 427
601 543
602 316
603 492
604 431
605 244
606 285
607 252
608 187
609 239
610 409
611 215
612 542
613 572
614 557
615 207
616 140
617 526
618 471
619 375
620 400
621 495
622 589
623 128
624 209
625 122
626 88
627 533
628 207
629 301
630 576
631 262
632 295
633 208
634 483
635 51
636 307
637 350
638 41
639 141
640 475
641 524
642 93
643 476
644 396
645 298
646 231
647 47
648 526
649 611
650 369
651 633
652 120
653 52
654 110
655 288
656 391
657 249
658 435
659 9
660 387
661 610
662 212
663 582
664 127
665 59
666 32
667 101
668 34
669 571
670 336
671 50
672 457
673 214
674 364
675 50
676 154
677 450
678 81
679 269
680 96
681 558
682 525
683 231
684 291
685 164
686 303
687 44
688 24
689 281
690 254
691 195
692 563
693 542
694 119
695 356
696 569
697 329
698 36
699 18
700 326
701 360
702 568
703 455
704 611
705 565
706 206
707 431
708 652
709 191
710 616
711 418
712 610
713 504
714 545
715 530
716 702
717 216
718 407
719 632
720 168
721 241
722 629
723 273
724 390
725 642
726 342
727 171
728 558
729 497
730 22
731 386
732 590
733 76
734 304
735 413
736 519
737 208
738 319
739 365
740 16
741 105
742 684
743 688
744 742
745 441
746 412
747 29
748 276
749 303
750 281
751 486
752 503
753 153
754 607
755 445
756 596
757 561
758 310
759 583
760 494
761 204
762 586
763 89
764 448
765 640
766 266
767 656
768 756
769 208
770 582
771 448
772 36
773 722
774 102
775 148
776 29
777 592
778 484
779 533
780 607
781 158
782 542
783 658
784 352
785 762
786 19
787 339
788 609
789 541
790 708
791 179
792 688
793 297
794 666
795 691
796 795
797 108
798 709
799 85
800 749
801 668
802 532
803 734
804 370
805 67
806 696
807 591
808 170
809 582
810 708
811 359
812 460
813 112
814 551
815 347
816 55
817 268
818 443
819 7
820 23
821 526
822 652
823 588
824 329
825 433
826 435
827 430
828 598
829 159
830 615
831 484
832 354
833 413
834 291
835 53
836 387
837 395
838 227
839 128
840 523
841 826
842 443
843 343
844 830
845 554
846 511
847 809
848 338
849 310
850 251
851 45
852 598
853 689
854 53
855 95
856 818
857 500
858 448
859 274
860 192
861 642
862 850
863 288
864 707
865 731
866 661
867 785
868 461
869 803
870 466
871 784
872 513
873 373
874 41
875 271
876 359
877 199
878 518
879 831
880 813
881 177
882 149
883 541
884 839
885 678
886 560
887 107
888 817
889 657
890 872
891 839
892 885
893 72
894 107
895 67
896 269
897 93
898 43
899 868
900 519
901 862
902 559
903 595
904 380
905 94
906 810
907 409
908 868
909 568
910 196
911 260
912 235
913 196
914 749
915 684
916 182
917 692
918 855
919 602
920 773
921 433
922 451
923 420
924 238
925 46
926 698
927 383
928 498
929 843
930 805
931 655
932 406
933 642
934 228
935 890
936 581
937 934
938 576
939 730
940 59
941 601
942 798
943 831
944 30
945 168
946 931
947 248
948 338
949 196
950 794
951 789
952 504
953 51
954 838
955 677
956 610
957 875
958 725
959 118
960 59
961 782
962 818
963 718
964 740
965 835
966 879
967 789
968 770
969 709
970 887
971 560
972 868
973 289
974 293
975 207
976 749
977 868
978 29
979 735
980 304
981 341
982 167
983 904
984 349
985 88
986 499
987 190
988 492
989 464
990 521
991 36
992 758
993 750
994 847
995 611
996 325
997 710
998 699
999 141
1000 127
