1000
2 1
3 1
4 1
5 4
6 1
7 1
8 1
9 2
10 8
11 7
12 3
13 12
14 6
15 12
16 14
17 14
18 17
19 9
20 16
21 20
22 12
23 22
24 21
25 18
26 22
27 17
28 26
29 24
30 24
31 28
32 25
33 24
34 25
35 29
36 28
37 35
38 31
39 36
40 32
41 33
42 41
43 39
44 35
45 39
46 41
47 40
48 40
49 45
50 42
51 49
52 49
53 46
54 44
55 45
56 46
57 55
58 57
59 57
60 53
61 52
62 56
63 62
64 56
65 60
66 56
67 64
68 58
69 68
70 63
71 61
72 65
73 70
74 73
75 71
76 73
77 72
78 77
79 69
80 70
81 74
82 78
83 79
84 78
85 80
86 77
87 84
88 80
89 86
90 80
91 86
92 83
93 87
94 90
95 91
96 94
97 91
98 95
99 93
100 97
101 94
102 94
103 98
104 99
105 104
106 97
107 102
108 102
109 102
110 106
111 108
112 109
113 112
114 113
115 112
116 106
117 108
118 109
119 109
120 118
121 120
122 121
123 115
124 117
125 116
126 123
127 125
128 122
129 125
130 122
131 122
132 130
133 129
134 128
135 129
136 134
137 133
138 131
139 138
140 133
141 140
142 135
143 142
144 143
145 140
146 140
147 138
148 141
149 142
150 144
151 147
152 147
153 144
154 148
155 153
156 146
157 150
158 153
159 158
160 157
161 152
162 156
163 159
164 159
165 156
166 165
167 157
168 167
169 162
170 166
171 165
172 165
173 168
174 171
175 168
176 167
177 175
178 175
179 173
180 179
181 173
182 174
183 174
184 176
185 184
186 178
187 177
188 183
189 181
190 184
191 185
192 184
193 190
194 188
195 191
196 193
197 194
198 194
199 190
200 197
201 195
202 194
203 196
204 197
205 197
206 198
207 204
208 203
209 207
210 209
211 202
212 209
213 204
214 209
215 206
216 212
217 207
218 217
219 211
220 210
221 212
222 220
223 218
224 214
225 221
226 220
227 226
228 225
229 225
230 226
231 222
232 231
233 227
234 230
235 233
236 226
237 233
238 232
239 236
240 233
241 234
242 241
243 241
244 242
245 236
246 242
247 238
248 247
249 243
250 245
251 243
252 244
253 248
254 251
255 247
256 246
257 250
258 249
259 258
260 258
261 252
262 255
263 262
264 262
265 259
266 260
267 264
268 267
269 263
270 262
271 266
272 270
273 266
274 273
275 272
276 274
277 275
278 269
279 278
280 270
281 277
282 278
283 281
284 280
285 279
286 279
287 283
288 285
289 280
290 287
291 287
292 291
293 289
294 286
295 293
296 289
297 291
298 290
299 296
300 290
301 297
302 299
303 299
304 303
305 303
306 297
307 302
308 302
309 302
310 306
311 309
312 305
313 312
314 306
315 305
316 307
317 314
318 312
319 312
320 315
321 320
322 314
323 316
324 314
325 323
326 323
327 323
328 327
329 328
330 324
331 323
332 326
333 332
334 333
335 332
336 335
337 335
338 333
339 338
340 336
341 333
342 341
343 337
344 340
345 336
346 345
347 344
348 346
349 346
350 347
351 342
352 349
353 350
354 350
355 354
356 348
357 347
358 356
359 352
360 354
361 353
362 356
363 354
364 361
365 359
366 361
367 363
368 367
369 364
370 361
371 370
372 366
373 369
374 364
375 368
376 375
377 376
378 375
379 371
380 373
381 371
382 378
383 376
384 378
385 382
386 384
387 381
388 381
389 387
390 389
391 389
392 391
393 388
394 387
395 391
396 391
397 388
398 393
399 390
400 391
401 392
402 396
403 396
404 398
405 403
406 401
407 403
408 400
409 408
410 402
411 401
412 411
413 406
414 405
415 407
416 415
417 413
418 414
419 409
420 410
421 420
422 415
423 414
424 415
425 420
426 420
427 422
428 427
429 420
430 425
431 421
432 423
433 429
434 431
435 432
436 430
437 431
438 428
439 438
440 432
441 439
442 438
443 435
444 434
445 439
446 442
447 445
448 443
449 446
450 445
451 449
452 443
453 452
454 446
455 445
456 451
457 450
458 449
459 450
460 452
461 454
462 459
463 455
464 456
465 462
466 460
467 466
468 465
469 466
470 464
471 467
472 468
473 472
474 466
475 465
476 473
477 469
478 477
479 478
480 473
481 473
482 477
483 475
484 479
485 480
486 485
487 482
488 479
489 486
490 483
491 489
492 488
493 483
494 489
495 487
496 486
497 490
498 494
499 496
500 499
501 494
502 499
503 501
504 503
505 500
506 500
507 505
508 498
509 505
510 506
511 510
512 506
513 511
514 505
515 513
516 507
517 515
518 508
519 512
520 511
521 514
522 516
523 514
524 515
525 521
526 517
527 522
528 520
529 528
530 529
531 526
532 525
533 528
534 530
535 527
536 527
537 535
538 534
539 533
540 534
541 531
542 537
543 541
544 540
545 537
546 539
547 538
548 538
549 540
550 544
551 544
552 549
553 547
554 546
555 549
556 554
557 548
558 549
559 553
560 557
561 554
562 557
563 554
564 554
565 561
566 564
567 565
568 559
569 559
570 562
571 562
572 564
573 572
574 566
575 567
576 574
577 573
578 575
579 578
580 573
581 579
582 579
583 574
584 583
585 584
586 579
587 578
588 585
589 579
590 587
591 581
592 586
593 586
594 586
595 586
596 594
597 591
598 591
599 589
600 590
601 596
602 598
603 595
604 603
605 602
606 599
607 604
608 600
609 602
610 604
611 603
612 606
613 610
614 605
615 612
616 614
617 614
618 611
619 612
620 615
621 617
622 612
623 613
624 614
625 615
626 624
627 626
628 619
629 619
630 627
631 629
632 629
633 624
634 626
635 628
636 628
637 630
638 635
639 636
640 633
641 637
642 641
643 642
644 642
645 642
646 637
647 642
648 640
649 642
650 646
651 645
652 643
653 644
654 646
655 648
656 653
657 654
658 649
659 651
660 653
661 656
662 655
663 659
664 661
665 661
666 658
667 663
668 665
669 661
670 662
671 669
672 667
673 666
674 668
675 670
676 672
677 674
678 676
679 671
680 670
681 676
682 675
683 681
684 678
685 677
686 676
687 677
688 686
689 680
690 684
691 686
692 690
693 684
694 690
695 688
696 687
697 688
698 689
699 693
700 691
701 695
702 694
703 699
704 703
705 698
706 698
707 705
708 707
709 701
710 700
711 708
712 711
713 708
714 712
715 710
716 711
717 715
718 717
719 716
720 713
721 711
722 713
723 715
724 723
725 724
726 720
727 721
728 720
729 720
730 727
731 722
732 728
733 725
734 725
735 731
736 734
737 734
738 735
739 735
740 736
741 731
742 738
743 737
744 742
745 735
746 744
747 745
748 745
749 746
750 746
751 749
752 747
753 743
754 753
755 754
756 754
757 751
758 748
759 756
760 756
761 760
762 760
763 754
764 760
765 758
766 757
767 760
768 764
769 768
770 765
771 766
772 764
773 767
774 766
775 774
776 772
777 768
778 770
779 769
780 773
781 771
782 776
783 774
784 774
785 784
786 785
787 784
788 780
789 785
790 780
791 783
792 790
793 786
794 788
795 785
796 794
797 796
798 797
799 790
800 798
801 796
802 798
803 794
804 802
805 802
806 798
807 803
808 806
809 807
810 806
811 802
812 805
813 807
814 811
815 812
816 811
817 814
818 813
819 809
820 819
821 814
822 814
823 814
824 821
825 820
826 825
827 826
828 825
829 820
830 828
831 823
832 822
833 827
834 830
835 828
836 827
837 830
838 830
839 832
840 835
841 833
842 836
843 834
844 840
845 840
846 838
847 838
848 839
849 841
850 847
851 845
852 845
853 845
854 844
855 850
856 854
857 853
858 853
859 854
860 851
861 853
862 854
863 856
864 863
865 856
866 863
867 859
868 862
869 863
870 862
871 864
872 869
873 865
874 866
875 867
876 870
877 869
878 868
879 876
880 870
881 873
882 874
883 874
884 877
885 881
886 884
887 878
888 880
889 886
890 888
891 887
892 884
893 883
894 892
895 889
896 895
897 892
898 895
899 895
900 891
901 896
902 894
903 894
904 895
905 899
906 902
907 902
908 903
909 903
910 907
911 906
912 909
913 912
914 907
915 909
916 906
917 911
918 916
919 910
920 916
921 912
922 916
923 913
924 915
925 921
926 916
927 926
928 921
929 923
930 924
931 922
932 927
933 930
934 926
935 926
936 929
937 936
938 929
939 936
940 936
941 936
942 932
943 934
944 936
945 940
946 936
947 941
948 940
949 943
950 940
951 942
952 945
953 943
954 951
955 950
956 953
957 953
958 950
959 951
960 958
961 953
962 952
963 954
964 963
965 956
966 964
967 962
968 964
969 968
970 963
971 963
972 968
973 964
974 967
975 971
976 972
977 974
978 968
979 974
980 971
981 974
982 973
983 974
984 977
985 984
986 976
987 983
988 982
989 983
990 980
991 985
992 988
993 992
994 984
995 994
996 990
997 990
998 991
999 991
1000 998
