100
16 199
0110000101000010
126 153
011111100110000000101110011100011010110001000111101111110110110110001010010011011101110111101101110010000011111001101111111101
15 197
100110010011001
153 172
001100010110010101010111011100000110110100111000110001100111011100011011000010100101011011000100010101111001100111101111110110110111110000000011010011001
82 162
0001010010101011011101100101110110100010001101001011101101111110110010101011000110
7 150
0000000
23 158
01011101110001111001111
76 185
0000100010010101000100100011001110101010011000111011010000001111100010011011
152 174
11100110010101000101000010000110011010010101110101011110000100001100111011010100000011001100110100111101110100101001001100001001110011101011011111001110
76 135
0001011000101010000111011001001100001110010110101100011100000100011001010100
103 145
1100001110100110110011011100110010111010011001100011011000000010111000100111101110001011110100010010101
140 186
01111001110010011110001100010110001100010001110110010011001000110011110010111110111100101011011110111101111101010110010110111001100000011101
104 110
01001111100010111000011110111010100101000011001100110011100010011000110101110000010011111111111100110001
82 142
1111001001001011011011010111001000101110110110000010101010100001011101111111000001
96 158
111000011110110101110111010100110011111011100011110011000000111100101001111010111000010011111010
40 73
0100011000100101110111101100010001010110
84 125
010111000010100010010001001111000101010000001101100010001100100111010001101011101010
176 186
10110001111010001010111101111001011100100100100111000011110100100110100000011000001010011101110000101100010000010000000101010110110110110010110010101001100110111010000100000001
13 121
1111100111010
39 132
111000000111110101000111100000011101010
144 181
010101111100101001001100111101111010111010101001001100001110111101110110001100101101001111111001111000001101101101101000010101001110000011101100
185 191
01000011110101011001110110000100111011000000010000111000010101010100011000111110010101110011101100110001101110111000010111011101001111111000110001010010110111110000001011101011011111101
135 179
000110001010101000001110111111001100010111001010000101000111001101011011000010100110001011001111000100101000110011110011100110111101100
123 127
001100111011000000011010011100000000100010101101100000001001001110001000010011110011110000010001100011010011010010111101000
59 163
10111111001110100100000101010011000111110011000100100010101
94 119
1000000101101100010110011001111110100101110111101101100011000000011001101110011011010101110001
160 184
1101000110101110011011110100100011111110110001011011110001001111010101001110100011001111100100110100110000001100000101001011110110011011111111011100011010011110
28 40
1101000011100111000011011100
89 172
01111001000011111111111111110010110010111011101101010000011000010110011010000111011011111
25 150
1000011011001101101000110
69 89
111111000111010110111010111001010000111101110110011000100111111101100
144 185
000000100111001001100000000100001000110101100010000100001111110100001101000101001101100111010110011010001010000110100100100010100001001000010010
61 197
1101001001111110110010110110011101000000111111001101000000010
171 174
011100011101011111010110000110110010010011000001000110010100010010100000011100011010101010001000011110110010001001111011111000101010110001010011100011000111110110010011111
88 178
1100011110011000100000011010110111100111101100000100001111000010111101010111001011111100
125 162
01110000000001001101001010100110001100011110011111000101011011011000000010110100010101000111100111101000001110110101110000111
92 156
01000010111001101010001000010111111000110010000110110010111100001110000111000010001110111101
109 131
0110010111010011111011001100000010100000001000010011011110111000111111100111111001110110111110011000111111101
63 178
011000011100101011111010110000011100010101011101010001011001111
2 33
11
80 166
00101110010011101001011111001101010001001101110010010101110110001111100001101010
10 15
0000110001
173 187
11000101000000101010111101111011101011001101100001111011101000011011011101101010111000110001110000000000000000101101001101101101111011110010101110101011010001000111101011010
121 161
1001110111000110110110000101110000110111111110100000100100011111000111011110101010111111100100111010110110000101100100111
9 41
010101100
44 118
10010101110100010111001111100100011000010110
124 154
0100001010001001001111111100111100010101000011000000011101101101100010111101100001111110110111010010011111100110101000001011
4 56
1101
123 136
010110110100100010100101111110000000101100101110001110110000110001110000011111100110010111001100111011001010000011110111110
44 52
10000100110100000111011110110101011101100001
55 63
1100100100001111011001001111101111011100110111011110101
86 122
00010111001100001110101100100110111100100101000100110110001001000001010100101000000111
53 55
11010101101000101000111111000110110100111011001111100
9 177
000010110
50 75
01100110010000011010000110001000000111001110000000
53 150
01010111011110010101000101000110111100111100011011110
192 197
000100111000100001011111001001101001000011000000100101100100111111101010001101011011100101001010101110111010011010001010000010110001110111000100001110001111100000010001010001110100100111010000
85 143
0101000010101000011101110101110100001011010010101101111110100101110110110111100011000
172 192
1101001010001000000101110000001010010111000111000111101010110100001110110000010000011100011110100011101111110001000000110010100001001100111100101100110110101101111001000000
33 171
011111010011010010100111101011111
71 134
10101000100001000101001001111010111001101010011010100010110001001010110
173 197
00000111101000111101010100110110110001100011000001111011111000110011111101000111100011010101101011110111110011100000100100010101001011000011111101100110000000000001001011011
56 147
11011011001000100100111010111111010000111101000011000011
3 124
001
9 42
000010100
82 195
1000101100101111000010000111001101000010100001111000101110011000101001110101110100
48 59
111111000001100000100000101110101011111101101001
110 140
11010011110100010001111001010110001001110100011001111100110010001011010101100001000011010011110001101000110010
191 197
10010011111110000111111100010001011001111101100100000111111111001001011011011111111001010011011101111111011100001110010001110010101111101000001010111101110010000100010111111001000001111001111
59 195
00100100001001011011001000100110101001111110100101011100110
56 167
10101000000010010101100010100011110110011000101001111111
126 189
010101101100111010101111010010001111111111000011001101100000101000011001101001001111010101111001100101100000100010100101100100
93 180
100011110001101110111000111110110101100111111111000011111100010100110010001010100000010000101
83 200
11001010001000001100011101100110111110100100000101111011000111111101001111101101010
77 106
11100110101011100111000110001000111110110010010111110000111000001011011100111
59 197
10100000010101000110110101000000111000000100001101010111001
6 192
110000
153 196
001010111011011000100110010101111011010101011111000011010111000100110111101101100100000110101111010001010010110101000010011001010001110101000001000010000
196 199
0110011000100000000010110001001110001110111110011000011010011110010110110101101010100011000010110101010010101000110110010001011111110101111010110110101111110100011001010101100010010011000101111111
173 191
10111010000100011010011000000011111111100111100001010100000110110111000010101110100110001101110010100010000010010001101011111010001111111111000010011011110111111001100111110
11 85
10001110101
134 164
10111010100101101000010010010000110110100111100010110010011011001000111111000110100011110001010101010101011000110110101100001101100001
121 127
0110011001101011110000110010101110001110000010011110100111110011000000011001011001010110001110110110011010110011101010011
176 181
10011101001100000001100000111100101010111110101000001001000101101000100111101001010011010111111001011000011010110101001100010100011000010110110011111010110100001011100000100111
153 156
101000101001110101100000001110100011111000111111100001000000000110111011010111010101100001110011101101010100000100111000010100101100111110001001101111100
6 123
001100
97 139
0001000010101011111001110010111000100001001000101000010001100011111111000100111011011110111001000
76 90
0001100010010110011100011111111010011011100111000001111100001010010100100100
181 199
1010100011010001001001010001100100010100010001011001100001001001110001010001111101010001110100110110001001100100100011101011000000101000101111000101010000000100010010010100001001001
71 181
11110010101001110000100011101111010011000001110100111011001010111001101
132 159
100111111110000001010110001001000000011011101011100100111010000100110111111000101110111100111011100000100010101100111111100010101100
131 143
00111110001111100101000010010101000001101111011110000100001001010111011110011001100110011111101100010011111010110111011001000010111
28 122
1000010110000100111000000110
190 196
0110011101101101011000100010110100010101110001011000101011110110011000000111110101111011011100101011111100111011001011010110111010011001000010001101101010101100110001110110001001010111010111
72 163
100001110101100111101111111111001011110100111111110011111111100010001101
143 161
00000101011001110000101011001101101011100011111101011011001111000011100100111000110100011010000100000110100110001001011001111011100001000000101
127 155
0010010011100101110010100011011011011011110110110010010000001011011101001011011110010111010000010110011001001110011000000000001
164 177
00011000100010111000001110111110010101000001000010101100001101010001001100000001001011100011111110010100001101101100110001111000001011011101000100010100011100101001
196 197
0000000100011101110101100110101011011110001101010011000100010001011100110111110011111001001100010000011110100000111000000110110000100010110111000000110110011100000110101100010100111001101011001111
84 176
000001011101101111101101110011100111100101110000011111011000111110010101100011010100
