100
10 10
0011100011
18 18
101100101101110000
4 4
1011
7 7
1001010
8 8
10100001
30 30
010001101001111111010110001101
30 30
110001010101011011001100011011
27 27
110010101100101011100010011
29 29
01000000001100111101000000101
46 46
1101101010101111001101111101010000100001001111
10 10
0010110011
16 16
1110010101011011
39 39
001111100011110100111110100000100100001
36 36
100010100111011000101001110000000111
10 10
0111001110
3 3
010
30 30
001011001101110101100100001010
39 39
011000001010010110001111000000100101000
31 31
1101001010000010001100011101110
39 39
001011001101011001111001101110111011100
1 1
1
42 42
000001101001001111111110011010001010100101
4 4
1011
13 13
0000100001011
49 49
1111001010111001100100010101011000011100010011001
27 27
111010000100111111000000111
41 41
11110001000001000001011101100110110100011
34 34
1000101100001000111110010110001010
35 35
01101111010110001010110100100101100
37 37
1010000010001010101000100001100100111
12 12
000000010011
38 38
10001000110100100000110001101010101101
27 27
000111101011010110000100010
32 32
01101110011101001101100010010001
29 29
00100000010101100000010001011
18 18
010100011101000010
32 32
01001101000010000000001010110010
22 22
1010111110010010111111
38 38
00101101110111110101010001001011000111
38 38
10101010011101100111111101111001100001
33 33
111010100001001110000111000011011
5 5
11000
41 41
01001000001111111110011000011110001101111
37 37
0011111010001101111000010011111101101
25 25
0110000010001110000111000
4 4
0110
24 24
101001110000100111010011
50 50
10101110100001001101100001010111101111110101010011
50 50
11000011100001100100100111111100001111110000001011
10 10
1011011100
28 28
0110010111001001111000110000
13 13
1100000100001
12 12
110110101000
9 9
011001001
4 4
0010
44 44
00011000111011101111100100110000010101100010
31 31
0011011111110010010101001100110
46 46
0000101100100000001001110000110011010010001111
26 26
00110011011111011100001010
40 40
1010010010101000000101011111100001011101
17 17
11100110110110111
21 21
101110010101100101111
5 5
11101
12 12
100101100100
39 39
010101110011011101000110001010010001101
9 9
100101011
13 13
1001110000011
7 7
0010011
10 10
0100010110
30 30
001110110000101101001011011101
21 21
111100111111001101000
11 11
11010011010
33 33
111110110111100010101101011100010
2 2
00
31 31
0101000110111011111100010101111
25 25
1101000001011111010101100
17 17
01011100100110101
13 13
0110111011010
1 1
1
6 6
001000
48 48
100001000111010001000101000000010100011010101010
1 1
0
8 8
01110001
45 45
010110110101000000010001110100110010011001111
24 24
001001100000101001000110
45 45
100110011111000010101111100111100001100110000
6 6
100110
31 31
1100111001001111001010111000011
8 8
10011111
4 4
1100
21 21
010010111111010001100
47 47
01001010011001110110100101101111011111101111110
49 49
1100001100011001000101100010101100001110111000000
27 27
000110001110111010010010100
48 48
011000111101111101111110101101101111111100010101
2 2
00
15 15
101010001111100
32 32
10010000011000101101111110101011
37 37
1100010110001111100100110000000010010
7 7
0111111
