100
179 196
10001010100111010010001001001100010100010101101111111001011101001011001100011001100100101111001011001011001001011111110000111100000000111111111010000111000011010000111011110110111
27 119
110010000110010010011110010
37 196
0101101010011111011010100100001100000
16 131
0110111010011101
56 68
10000010100000111011011111000100010011001100001101110110
138 165
110001011010110110001011011100011010100110101000101011001100110001000100110001001111000000001110001110111101111111010111100010010111100111
102 182
100100000011110110111001011100111110011010110001000111110111000000000101100001010111000011010100011100
60 132
001111100110101100111101011101010110100110100001100110100110
167 190
11011001011101000001011111111101110110001011010100000101111010011010101001110011011001100101101011101110101011011111101001100011010000100000101001111110001110110000010
122 169
01100010100100101011001110001111001011110110100001101010010101111110011111110001011000110101010000010000001100111101100111
55 91
0000100110100111001001001010011101110100001100000001011
78 84
001010101011110011101011110101010011110111110111111011111001001010110111110001
111 142
000011010001001110111101100100011110000111101100101111111010100011000011101010010110101010011000011111111010110
104 139
01011000000011110011100000000001010011101001001000001001100010100100010011100001110100111111000111101001
104 120
01010111000110001101110101110010110000101010101000000000100001000111000110100011101011000110001011100101
116 147
10111000110001100011000001001011110010000010010100011001101100010011100011110000100000100101100101100011011101110010
121 193
1101000101000100011000110010100001101111011110010100001011110110011011011001101110001011101100111101001001110110111011001
16 66
0000000010110000
127 129
0110000010000010000101000010010101011011010011011011011100101111110001000110111100000001001111011001110001011110010101001001101
177 190
011101111001100010111000110001001110010001010111111000110000010010011001010110011001101011110111111111101001100111111011001101010011111110101101101000011100011110000000001011000
73 101
0010010010100001111001000100110000010001100100000011011110000010011110100
128 166
00001001010001000110111101001110000101000000000010010110000000101001101001000010100011110010111111000100000010101101100100010010
117 143
011010010110000101100000010011111111000000101001111011100110000111010101101100101010001010111111010100111000101111111
143 161
01101000111010101001010010011100000110000111110010011100110001000111011111111111111011010010010100110000011100100000111010110000000111000111001
12 191
010100010000
118 189
1101000111111100001110011010101110100011010000101110000101101001000011011000110000110001010000100000010110110110101101
160 166
0100110100110000010001101000000000011100110100110110000010011011011010110100100000111111000111010101011000111001000110101111000101000101010100011010000111100101
99 163
110100010001011011100101101011100101101111001000110010010000001000011111010001000010010000001001111
44 53
11010110101111100010011011100000010010011110
95 152
00001100011010011110001011000010110101101111010000111100001001101010001110100011010001100101000
95 154
10001000111010111010001101111101000001000010100011011000010001101000101001101110010111000100100
147 168
110111010111111001000010110000101010111100011000110110101110110001011110110111101110010011011101010110101000111011011000000011111100010101100001011
128 199
00101110011100100110110110111011111011101111101011001111000000100001101010100010011100110011011101100001101111111010111110000110
104 134
01001111011011110111001111101000011011001001101101111001100101110010011111110101011100111010000101011010
147 162
111010100011011111011001100001000110111011010000001100000011010101001000010110000100011100111000001001001000010110101000010001001111011100011011001
107 154
00110010010001111001100000000010100001101010010010111011001000010010000010110010000101001010110110011010000
164 174
01000101001110100001110011000110001010011101010100011001010100101110001100000101110111100001100101111010101010011011100100100111101000100101111100011010001001110001
127 167
1011001110001101111100010110111101111111011101100100000010100000000010001100000001010110111111010111011010110101101000011000100
22 111
1001010000111001101001
122 164
00001101000101110100111000000000101001001100010101010101111110110011101100111111001011001000001011110010000111110101001111
154 160
0000001110011000101000100010001001110010110001110001111101010010101110011000101010100000100000110100001000110001011001110111100000111101100111111110000001
122 172
00010001000001110101101111101111110000001111110000111001100011111111110000100000000000100110101110011010001011000100111100
36 154
101000110101010101111011001001110001
140 174
01000010011001001110001011010100110011011101001101111100011111111001011101010000101111000110010111111001001110111001100111000011110000100111
181 190
1110101000011000010010011101100110011111100001010110011011101100010000000010100010011000000110110000010100111011000011100100011101011101111110001110101000101010001010001010000100100
76 135
1101110010100001100111011000110101011110110010100101101111111110000000100000
138 178
100111101011110110100110100010100110101001011111101101111101001000001010001100110001111101110101111011110011100000111001011101011101001101
141 196
100110111010001000010010100010111001111000010100101010100101000001101010011100010011100111111111110011110111100111101101111000101010000001010
86 91
01000100001100001110111011011011000111000010010111011001110111111000100011010000110101
132 165
101101110100111011011111100100011111011011000001001000011110100110011001101100111000001010011100001000001111101000101001010111111010
1 131
0
191 196
11001110000011000110100101011001010010111000010001010101101101010111001001000100000001010011010001010011010001111000101101001000000110000011100101011000010110101110001000010110000101010111011
59 104
11101010000100000010100111000000110100110011110100000001111
105 135
010110000101011111100110100111011110110010101110110001100110000111000001011111110001100011010000010111100
75 79
111001101111011111100011000100001111001100011110111011111000100011111000001
108 142
000000111011010000110111010101100101001001011011100010111101000111000000110001100001110000010011011111111100
130 157
1000001001100001000110100000100100011011001100100110011100001100100011110101110100010110011011010011100011010001010110101010101000
71 123
00001010100000011011101100010110011000000000011110101000000110001000011
70 193
0001101010100110000111110000101101101110011111000000001110000111001000
70 112
0011101011100111110111110000101010100010000000111011100111100111101000
118 153
0011010010111001101010010111111001011001010100100111010001000111001001001111001001111011111011110100011100001111110010
136 139
1100000111010100111011010101000110110000001001000110000101011010100100111001101011101001110001100000010111100101001011100110111010111010
162 184
011110001000011110101010111001011110001101000101010100000110100000110110110001001111100010100000100111011101111000111011100111010000011011101000000111101010100100
39 111
010001010101000011110010001011111001010
96 152
101010011111110100000110110100111010101011001011011010011000000011101001101100010110110110000111
142 185
0001110011100011000010101001011100111111100111111111110111111001010111011110101100101101110001100101101000111010001110010100110111001001100100
138 199
000110010110001110000100111111110001011101100110110101011011000011000100000001110110110111010110110111110110000000100000000010101011110110
131 133
11001111100011000001100000001000011000001010010110011110111111010000111001100001111110010000111111010111010001111100111100100100100
53 57
01110010000011000110001000010110010100101000010111000
1 164
0
157 178
0010101110010110010001010111011000100000100110111111111010101011010110010001110111110100100111101011010111001100101001010010000001100100001111101101110011010
147 182
010110111101011111001001001100100000000010011110110100011011100101001101010101111111010011111110100010101000001110111000010100010001101100011000011
96 102
111000001111000011110101010101100101001011000100000100100100101111010000001001100100100111101101
117 125
110111001101110001101110100101001011100011100001100110001000100110001100010110111111001000101101001100000010111001000
182 196
01101011011010100100001100010101111111100100010000100100001010010011101111011111110011011101101111011101111011100000100110000000001011001101001101011111101011111100001100001000001001
10 182
0010010110
86 163
00011110100000011101010010100011100011100000100100001101001010110000111011111111010101
58 129
0110001000110101000110111001010100110011111111110110111011
72 133
011111100011011010110010010110111011011100101101001000010110000110000000
33 189
010011100001001000110010111101001
14 191
11111110001111
127 164
1100111101000100000011100100100000101001000100010100101100010101001100100111100000111100011101111010000101011111010100001011001
62 169
11110011011101111001011000000000011010110010011001111101011100
53 63
11110011111011010101110011100110110000001011010101010
165 183
101000000111011010011000111111010000011001101000100101001110011110010100010100000101011110000100011101111100000110101011110000011011001001111000100110111011111100010
124 140
1000001010010110011000001111111000000111010111110010011010011001000011100000101011111100101000000101010011011111101100001111
29 110
10100101010101010000000011001
162 187
011100010101100011010001110011000111101110010010111000001101011110101110011000010000000010010110000111011010110001110011000000101000001000101000011000111000101001
127 169
0010011010011111010001100011011100010010001011110101001000010111001100001110110110010101001101111001010110111011111101111100011
165 180
110101011010101010110111100010101010010110011001011101010001100100011110101101010110011010111111111111110011010000110000010101000011111100011110100100110001010000010
58 80
0100110111000001001110101111010101100101000000001011001101
163 173
0101000111101000110101101100010000111010000001010001100001000010011011000101010000110010101100000100000111101011000110101101000000100011111011001111010001000101101
167 186
11000101001010010001000000011110101010101011110100100011101101111011101101001101110111110000011000101101011100000001011100001110011010111110010011101110011111000111100
102 180
001110011101100111110110000011011001100111110001001010001010101111001000101001000110100000101100000110
16 193
1000000100111011
111 184
111101100101101000001000001101001000001110011110001101011011011100100111000011010101110001111000010110000000000
54 122
111001111101101100001111010101110001001000010000010110
81 196
001011000010110000001110001110100110111100111101110100110100110010110100110111001
127 158
0100100100110000001100110000010110111000001110110010110010010000110011110011111110000011011010000101010000101000011011011010000
49 119
1101001110001000101111101111011110011111100111000
