100
86 172
00000001100111100010101001010010011011110110100100111000001110000111101110111000110101
177 195
110111011001111100000011010111111010010101101100101000110101111011100110101010100110010010101110001011101101101101111110011100001111000111110010011110100001001011001111010011111
159 171
001110001011010111011110101110001010101010100110111100111100111100011010111101100101111101101111111100110010110010110100000111011010010101001110000011000001010
81 118
000010100001000000010010001101011100110000100011110000100101001111000001111110000
40 91
0111111011010000010001101010010100101010
113 165
01100010101100111110111010100000000100001110011111000111001010111000101010000011111001101101110111101101111100010
22 76
0100110001111101110100
188 197
11001001001001011010110100000011110111101001101111100111111011000111100100011010010101011010111101101100000101100011101110010010000000101111011001000111010111000110111010001100001000011110
33 179
001101100010101010000101001001000
149 164
01011010110001101111010111010100100000101011011011010100101101110101010111110010001000000100111001100101011111000110101011001000001001101010110101101
85 121
0001000111010010011010010011011001110110101100000001100011100000111001000101001101110
25 46
0110001011011001000110100
91 99
1111110011100100110010101111111010010000101000100010011010111001000000111000101000110111001
174 189
011110000001001100111100110010011010100100000000010001010111000001100101110011011000100101110000110010001110111110001001001100101110000000001011000111101111000010111001011111
66 68
101110110101101111000111001110101011000101100000111110110000000100
69 146
001011110111001000011001110001000000100000111000110101001110100010000
127 164
1111100100111010111010010011000010101000001011011010001101111100011111110110111011011011110110100011011100000100011010000101010
155 195
11100011110001001100001110001101000111101111011111101001001100001110110000100011110100111101101011001001110100000001000011001111111001001011110000111010010
1 78
1
66 118
100101110011010010010000001011011011001111101110000101011101010000
109 168
0001100011100010011100111110010000111100010010100110111110011011111110010101101110110100000100011001111000101
62 115
00010101111100000001110110110100000110011001100001010100110100
106 163
0101010111001010100110100101111011000010001000001011010101011101110000111000000111100011011001111110001110
187 197
0100111011111101100101010101000010110001000100000000110011011111111100101111000101010010000000010111011010011101101001010101001101001101111001101010010000100111100011010110011011000100110
157 198
1111000000001010011010000011111100101001011111000010110101111111001111110000111101101010001111100100100000010010110110100010110010110100100100010101101010001
175 195
0000001111100100111101010100010000100110000001100000001011011110110000110111000111011101000111001101010100100101110110111011001111100010100111010111011000101111000000100000010
194 199
00000110100011110100011111001110000111101011010000000010111100101111111100000110100011110101100100001101010110110111100000000000110001111101111110010011100000001101001111100001110101000010111011
151 170
0110011111110111110000000111110001011110110101101011011000111010010100011010101101101000111011000011000101100000011111100000000010000011011001001000010
192 199
111001111001101100000010011001111110100110011001111011110110001101100010100101111001011100010100010110001011001100011111000000111111110100001001101001110110100001001110000001110001100111111100
54 158
111101001111100010000101010101000001011111001111100001
42 45
010100000101011101011110100000010111010111
14 93
10000101010011
118 175
0110110111010111111100100000100111110110001111101101101101101011000001001100010000100101000001001101100101011101111101
160 177
0000101010110001110111010100001000111000110111001100101111001010111110011000111110000110010100110011010011011011001011110001111010011010110001011000000110111110
177 197
101111101111000100100010100111100110000000010100110101110001000101100110000010110000001111110111110010010111010110100001111000011110001010001101100000000010101011000101000111001
134 196
10101101000101101010111101101111110111110101001110000110000101000010000001001111110001000100010011101001010111110110111110111110001101
148 179
1011100101000010001010001111001000100011000001110111101000000000100001111100010001011011010010001010001111011111000101011101001010010000110110110011
159 195
110000001000110110000010010100100111111111010111101000001100011011111101111101000011000101100000100111111001010101100110110101101110010011000100011100011110011
45 187
100011001101001111101001110111101100101010100
6 13
110101
150 188
101011110011010001011101010111000111010001100101110101010001101011100100100110100011011000011011000110101010110011011000010000000010011100110111111010
182 197
11100001110110110000101111101100110101001101000111000001101110000111000001001001010010110011101111101001100100010110111111010100101100011001000110111001011111100100100101100011011000
64 178
0001110011100010111111011000000000101101010000101111100101101001
55 114
0000000101000001000000001001010101011101011100011010100
167 180
11111011000011101011011100010100101101001100100001110101111100110011010011110110010011101011100101000001110010101101001011011010110001101010101000100001100000000010110
188 195
00010111111000011011001010000111011111111011001101100100011110110100011000001101110001110110011010010101111011011101110101011010010100010101010100011000111111100100111111010101010101111110
134 169
01010011101000011111010001010100001110010100010100011100101001000010000101100110100101000111100010001010101010101100000010000011111001
80 110
11101100010111101011111011110011110000011110101111011001100100101010110100001111
56 74
11101011100111100111101100100011011001000001101011100010
177 188
110100110010010101000010100100000101001100000001011001011011111010101001100011000010000000111000011001011101010011001101100111100101011000001101011011000011111101110000011110111
57 151
000000101000111000000000100100101101110011011010001101101
129 166
100110001110000001001010001110010100010001011010011000101100011001101010011001001100100010010011111101000101100100010100001100111
7 38
1111001
183 200
100001111001110011100010001000101000010001001011100100110110010001100011011011111011110011100110011011111111000001100100010111111011000100100111001001000001100100010001010010000111001
53 132
11010011001110000110010111000001101110001001111011011
53 85
01111001010001100011110010111010110011111001101001111
92 157
00000101000101101000100101101010000001011011100101010000001100100010101110000110111101010011
10 121
0111011010
193 194
0001111011001101011000100001100000011111101100010010111111001110100100011100100000001100000100001011011000011111110101111001101101100011100000101000110010011001011000101100011001010110100001010
176 197
10000110110101110011000000011111001000011010100000111011001011110111001010001010101010001111000000110000100101110111010100100010100001011011011001011110001001100001101011000111
43 44
0010111000010011110110011100000100010100111
115 162
1111010100011000100000001001001010100011110001101100111101000010111000010110010010101100001101011101110000101000110
180 186
101101000100111000000011000011010111111100111110101111000010101001100000111101111111100001011101100100101100011110101010001000110011100011000001001101110101110111011100010101001011
100 144
1111001110100001001000000010100110000110110101010110000010101011111110011011001101100001110011111010
187 195
1100010100101010101110000011101100110001001011001101101101000101011110000011110110111100100100000001110010000011000000100101000110000010101101010110010001100001111101101000111101111001101
73 165
1011011000100101101001110111101010001110010001100111011101111000100100101
158 197
01111001110111111100000111011010010111111100011010101011100110111010100110010100111110001101101111000001111011000111001010111110100010000110111100010111001101
85 99
1001011011110010101000001110011111011100110010000110100001111111101001011011001101010
56 181
11111100001110000110000000110010101001100100111011000001
147 185
101010000010100001101011110010110010011111011011101111110100100101100110111000001111000001111100000011101110010001101001111101100001100010111101100
132 164
111001100111100111010110110000010110010110111111011111110010001011010111001100011111100110000011001001100101110000111011110111100110
84 192
010100100010101011100111000100101011110001010111010100111000001111000110100011011101
107 183
10000100010010100110001011001010000001101111010000000010000010101001011010000110111101000110011001010111010
179 189
10111100101101111100010100010101000001010001110111100101110101100000110010101001000000000111000001010101111011010101000000000100010001101100110100110100001010110000100100001101001
123 192
000101110101000101101111001010111010001000111011000100100001111100011110110011101010011010010011100001001100010111110110101
156 188
000110101011010111100110010100000111110001110111100011110101110001010010011010110100100011101011011000101110110010100010000110011001110010100101000100001101
128 180
00010011011001010000000100111001000101110010011101110100010000100110111011100101110000000111011100101110011110110101111010111110
149 185
10111000011100001000001011000001011101011100101110001010100001101101011000101000011011110001110111111010011010100001101010111000110110010101110000111
182 199
10001011111110110011010001101011010110001010000101100111110000100010100111111110110000100011101000101011101010001001001011010000110001101001000010001110001110010101000101110001000010
140 168
00000010000101011101101001000010110111000000100011010101010111010101010100000010010011010100110111000011010000111100011000001010100010010100
92 155
01000111100101101010000001100010011100100011000001000000101111001110011100010011000100001101
23 39
00001101111001100001000
76 174
0011000011000000000111010110101110000110110001111010100111001011001111100000
118 184
0100110110000110010011000010110111110100001111111001010001000111111101011011110110000000011101111101100001111110011111
74 119
01011001000010011110110000110000010101111011011100101111010000001010010101
131 180
10101100010111011011100101101010000110001011001000010011101011110001101000100001001010001100001000100110011101110001000110011001010
113 128
01010101101001101100001011100001000011110010010011001101001100100010011110000000111010000100000101101100100101011
156 160
000100100101111000001000000110110001011101111101000101000010110010011110000100101101100101011001101010111110010001001100000101110101001010000110000110010111
52 159
1000011001110010011110010111001001100100111011010001
131 198
10001001011101111001100110110000110110110000110000001011111010001101010010001101110000101000011000111011100001101100101111010001011
164 181
01010001001001111100011100100001001011001101000101010001010000111110011101000010110000010010011100111100100101110101000110100111000100010000100110010000000011000001
183 184
111110011110111001111000000101010111011011100000100100111101111010010010111000110011111010000100110110011100111000011111111011011110111000100000101110010110011001111111000101011110010
166 171
1011111111110100110111101001111010001011010011111100011110101000100011100111011011010011110010001111011101011000110110110101001100101001110010000110011001010000100101
18 29
111010110101110110
163 200
0010011111011110011000101000111001010000000011101010011011011011111110111100001001101100101010001111111001010100000100000111010001011000011001001011010010100110000
128 169
00101100100100011001000110101100010100001111101011110111111111110000011101001111010011000100001010101110001001000101111010111111
89 95
10001100011000110010001110001011100111001001110110001110001111001001111100101010010101100
104 143
01011011010110110110000111001011100000101011001110011000111110001100011000110011111010110011010011101110
125 152
00101011000100100011110110110000110110011111010111101011100101011010010000011011101100000000001001111010010111000000101000011
120 163
001110011110000000010111011101000001011000110101100001011110101000001011101001111100100011011101100001111000010010101101
