100
77 186
10011101101000100111111001011110100110011010000010011101001001110111101000110
25 162
1100101001000011100111000
31 168
1110000000101010000000011000001
24 192
111101101111100010110010
154 157
1111101101111100100001010100000010011000011100110111011101101100100110011011000110011100000100101001011101000010000001011011001111101111101010110011110011
97 121
0101101111101000001101010100100011111101100101000000100101011000111001000011011011000011111100100
37 179
0100110011010100001110110111010000101
167 189
11111000000100110011110000101001000000000000110011111010011010001100110010011001101100000101110100000111110101110100111001100001011001011110100011111001000000001001011
72 194
001101101110111100011001011111101101010010001001000001111000101001010000
67 137
1110111110011110001101001110110010111110001001011100100110010101001
37 71
0000011110000000011010110101101011010
1 162
0
68 184
00001111001110010111010111111110000011101111011101100101010001001000
5 149
00101
141 190
100010001010010011010111111111101001100100111000000111101101101100011110000000110000001101000110101001010000010000110101101000101111000101001
101 197
11001011100001110101001000101101001111001101111001111101100101101110000100101011110000000100100001111
118 148
1010110001001100011011010010000011101111110101101000110111010111001100001001111100001110111110101010101011010011001100
199 200
1100111000000100010110011111011110100000001011111010100100101000011110111000001001001001101111000000011001000011011011101111011000000011000101111000001101101000011110101111110010100000011100000010000
85 140
0001111101001100000100110101111010110001111001011110010101000011011100101110000110001
186 188
000001110100010110000100111111110010100010000101001100100000010001001011100100011001101001011101011101111000101000010100001111010000101101011011101010111001011010001111001100100101101000
156 188
010000100110001001011111001001011011110000011111100001011001010001100010110011000101100011001111100001101111101111001101001010001011111110111110011000111101
148 168
1000111001110010111110010010001111110000111010010001001001101000010011100010110100110110000010000101001010000111111010001100101111111111010100010001
165 169
001010100101111100010100101000101000110101010001001010011110101101010010110001010101000010001100010000100111100101010000110100111111110000000011100011000010101000010
176 190
01110100110110110100100011001110010111110110000010001101000111111001100110010101001101100101110101010001111011100110100011101010111100101100000010110111000110011100000110111001
26 139
10000010000010011111111100
2 55
11
101 173
01100100111010010101110100111111000101011110101111010111011100101000001110010100011101101010000111010
137 172
10100110110100101111111011001011000001111111110011000001011110001110100111111000000001111011111001010100010101101010000000001011101100100
190 200
0101001100101100000110011010010000000110000100100111011111110110000000011111100101111000011000011011001000001101100010100001000010011100010100100000101001010010011110101000111111100101011111
179 195
10100111011110100001010101111011010010100111000101001100001111110001101100110101101110001101101110111001001001111010100110111100000011001110101000011001001111000011111000011011001
60 182
000000000011101110101110101011000010110111100100111001101001
190 200
1000000100001011011100000011110100110011000010001010111011001111010010001100100100010010101101000010100000101010100011000100011100001111100101011110101111001111111000101000101100011011101001
150 175
010000000110001110111110000111101000110000000001110010111111011110111011111010001011110111100011110101000000101011101100000100100000101001000101110011
191 199
11111001110101111101111010100000010001101101101110101111010001111011110110101110011110111000110010011000101011001100111100110111011001110101000010000101000101110000000110001011111100001011010
100 144
1101101000111010111101101010100100000011110000011111101110110100001001100011000101010110001110111101
135 196
001001101111101011111111110101110011100011100011100101110010000110011011101000100000100010000011111101101011010111001101001000011001001
9 151
100111011
29 107
01001000011011110100001011011
135 163
010101111100101011010100000100100001010111110010000010010010100101100110010001010000110001101111111010111101011110111100011000001110001
66 164
000110010010100010101010011101110101110010101100001011001100111000
151 187
0111001001000011110100010101001101110101100111110011010110011100101010011101001001100001111010111011000100000101100001111110110101001101110011010011000
32 41
11101100110000101000111011101001
150 200
000001101111000000010100010011011101010010111101000001000000000101010001000010100000001000111100100100010101010101010010010011100111000001001000101001
137 187
11101011110101011001100010011101000000100001111001011101001100011101110100100111100011111110100001111100000110010100010111001011011001011
162 170
101101000100001000111001110101111000011110100100101110011110001011000100000110011010100111010010011000111101111001101001110100000101011000011100101010111111000011
173 192
01011010111110011010011110000100011110000001100110010000101011101010111100111110001001000100010010011001111100000111111010110111000111100101111000011101100111010101110110000
192 195
110001001000111111111110100110010000001110100110100111011111011010011000010001111100000001000111111101101010001101111011100100000110010111001010010000010110110000000110000000011011010110000011
29 96
01001011111100110001100101111
37 92
1010100111010011101010101000110110101
191 199
11001000100100011011111101110011010100100001000110111001110101110101110111111100101000100100101010001110111001101111110101101011001111000000111010000011011001100101010001111110100110101010010
72 187
001100110100101011010010000010011011001000101111100100111100011111001011
8 87
00010010
143 162
11111000000100111111111001100111000010011010100001000010101110000001001111110011100010100001011011110010101001111000101001101011111100101001110
2 5
11
127 171
1111010010001000010111110000000001111010011110000100111011110001111110001101000111010001110010011010001111111101010000110000000
132 146
110110001101100001010110110101100001111101111111110001100110001010000011011011100011000011011010011011111101100001101100100101001000
172 179
1100010011011111001011110101111110001000101010001011100111110010111111101011100011111110000111001101100110000011100111100000001000010000011111001000101001110011011000010011
64 165
0011100000111111000111101100101110110000011111110000111111110111
40 178
1000110001110011010010001001001111001101
65 164
10111000010000011011110001100000001101010010111001100111010011111
189 200
100110110000000001100111001010101001110000011111101010010100110101001000110010110011010011100110000111110011111011011011001011101110111111001000101010111110110110010111101011111111110000011
152 199
10100110110011010110011011111110001101101001010110001100101101110000001101010001100010011010101110110101011000110101011000101110100101100010011110010000
56 168
11000010001010010000010000110011101110100011111110011101
25 135
0010110101010011001010001
77 125
01001001001101001001010011011110001111010010101010011011010000000000010111100
144 150
110011110010010001000100000101101110001010010100001100111010100100010010000000101100011011110010110000101111110101101001111010001000011010011101
167 188
00100111101101001100011110010110011100010100111111011011110101001110100001111000000101001011010101011101001101110101111010001100110101011111100110100110111110011011001
144 180
000010010001011110100001010000100001110111011101001001110000001000001000101100001001100011111011101111000110011010011001101101101111011010010111
191 196
10001010011001110010011110111010011000010001011001010011111110011011001001111110010111011011011001100010101001000001010011101011110100011111010001100010000111011111001010110001100001110110001
117 121
111110010110000010001110001001011000100110100100111010101111010100010101101001110110101111011001001010000010110000111
85 107
1101100100011001110010110111110101011011000110100000101101101110010011011000111010111
160 198
0101111101101010110010001100110110101111000100011100100100000001001100110010100010101101101110101010001000011010101001010011101111111110100111110011001001110110
97 198
1111001111011011110010100010000101101100111100110101100101100101001011110000000111010110010100001
155 193
01000110101001110011100000010100011010010100110011000000011110111011001110011100000101010101001000110110000011001101010001110011111000101110001101100000010
186 199
100001011100000100010011000101001011101100100100100000000110000000000011111100000100000001100000010111011111110010101010110100001011010010100011101111011011010110110111101111100111011001
89 172
11101101111100001011000110110001000100111000011100010001011001001010111101011111000001110
177 179
100010100000001100000101011001011011011010001001011100010001100011000010101110101010001001011000100001000001110110001111011111010100111011000011101100001000110101011010011111100
126 199
101000101010110111100011011000011111100001011011110001001011111100100100111111001001000001000010010100011111110001101111110110
119 145
01001010010110011010100011101111010111000000000101100110001010010111010100010011101001100001001010001101101100100001000
195 199
010100101100101010101111111101110101110101010000110001101001110001100111000111011100100101110101111100000100101010111101010101111000000011101110000100000110010010111110001010111110110000010111010
4 65
1000
18 165
101101101011011101
139 172
0010001001011111011110001011010101011111000111001101111000100110111101110011001111110111101011001101011101111001001001101011011110001000100
159 174
110001011111110101011000101010110111100001010010001010101001001110000111011110000011010111011101010001001101111100001000000010011011010101110000111001010111011
120 122
010110000110000001100011110001000000010110000101010101000010001100010000011011011001001101111001001101110000110111001101
170 177
01001110011101101110001011110001110110011111101000000101001111011111001111101100011101111110001111101100110011000111101011100011000011011001001011000000100001010101010011
109 112
0001111111110111100001011110101100111000100001101000100100111001011011011100010010011011101000011010101010010
170 194
11111100101100101010100111101111101001101001100010110101000100000000101100010000010010011111100011000101101101010001011111101100011101000111001000111001001111010111111100
109 183
1100010011110000110111001100111101001111011010110100110010111010111111110101100111100011010011100010101001100
133 166
0000100100000101110011111101110111110101101001010110001100110110010001111011100111011100111101100110010010001111000011111111111101110
37 134
1101100100001001010011101110100000010
111 133
001001101001100100000101101101010100000011111101011010001111010100111110001100111111101110110011100111011010110
46 68
1011110111111000000111101111011111011011011000
38 180
10111011010111111111110100011010000000
110 173
00110101111101101111110000100110011110001011101000000101111110110011111111011000111101000001011110111011010110
129 181
001101001000110111000011010111100001010110001011010010001001001101011110111000101000100010110011011100011011101001111111001000101
168 172
010011010000111011011011111010101111000001110110011101111000000111101011110100000000001011100101100100111000001101000111000000100001110101101011001011000000010110110110
163 176
1110100101011001000111100011000111101100100101000100010111100101101001101101110100101111010100011001110001101111011100011100110000010001001010111100100100101010000
190 195
0101000001100100111110000010011100111111101110101110110010011111000101100011111000000001000010101100001100010011000011111111000111000101000011111100100001001101100100011000111001100111101011
130 170
0101010101011100010100011010111000101000100101010100110001101101100000011110001100011101111011111010110000100010010111100101000011
