100
188 196
01101000000100000010110110111010101011111100111110001001100011100111000010001011111101101111011000010111001111011100100110100001001111000100110001011111001001101000111111100110111101010001
194 198
10001111111100101101100111010101101111001001110110001001101100101001010010010001111001111100100011010110110101010010100111000000111100000001011111110101001001001001111110101011011111010111111000
186 197
110100110000111001001101010111010010001101011001111110110001111101000010010001101100001001100111110101100101101110001110011000001000000001011111010110001110010100000001110110010110110110
125 178
11110111010110001100001101100011000011000001001110000101010011010100001010100110111111101110110111000001000010000101010111111
98 145
00001100100100110000001101001010100010101100110010000011111011010101010100010110101011110110111111
113 127
10010111011110111001001110111010101100101001001100001101110100000111010111111101111101110010000101010101110000011
69 159
111110110001100001010011111101100001011001011111110111110011100101100
123 173
100001001001000001010110000001011001110010110001001101001110101010011101100100011011000010101100010100011101001111000010011
49 143
1010111010111010100010010111110001111111010101000
173 196
11111011110010111000101100100110011010111111110010010011011000001011011011001110111111110100100111001000000010111011100011100110111110010111010111101110010001010110110101010
72 107
010010010100111111010010011010001000100011110100001101001101111001101111
100 113
1101000110000011001101010110001000110010101111000000000011111010000001011111110111100111001010111001
60 91
101110110110111010000011011010111100110100100100101011001001
197 200
10111110101100011110011011100010001111100111011000101001110010100011101101111001010100001101000010110001001011110011000011100100001000011001011110111001010000111010001100101010110001001100011111001
194 196
01100101101110001001000111001111101110111001011011000101100011001011101011111110000111101100011111000100000110110110101011011001001000000011010111001110100001100010011011101010001010110101100001
167 183
11100000100000010100100100101000011111001001101101010100000011110111101100110110011110010111100100010110111111010000110101001100001011001101001110111001101111001011000
61 185
0101010100111001001110100110000100011000011001010000100101110
174 185
000101100100101110101110001111111101101011110100111100010100010100001111110000000110010100110111000010111010001101110111110011111010010100011011101110111000101011000011101000
106 172
0111000101011100000010000011011000001011101110001100100110110111011010010011000110111000101010010010100110
19 21
0001001111111001101
49 120
0101101111111101101101111111011110111001011001010
95 195
11101000101110001001111100101111101101011100100010011000111101000011111101111110011010100100111
47 138
01000001011101001011011101110100101011010111110
25 104
0010101111100111111100110
18 189
100011000000100001
84 172
100110001100110000101100010011010100011110100011110101000001101011101010100110101011
91 119
0111010010111001000010011000011000000100110000100000011010111000010110010000110101011001101
4 113
1011
2 72
00
47 119
10101110111100110110110111010100010010000000100
44 49
00110110111110000111011111010100010011000110
52 195
0111101100101100001110010100001001110100011001001101
132 186
111000010000010001111110111101100110101000111100000100110110001001100110000011110010110000011101010101000110111011010110110000011100
41 91
10111100101110100000010110010101111100110
41 125
00001000001110000011000010111010001000001
182 195
00110000110010100011101101101010011010111011011011011111010000100111101001010100001010011101100000000111110000100001100111000000000010010100010000011001010101010110101101001000110001
191 192
10011000011100011010111011010110110001010000101100000111011001110010000100001101011011001011110110101000000111000011111110110110000010100001010110111111000010000101001101001101111011011011111
125 173
00010110010001011111000100110101011101001101100110100011010011010001111010010010110100110100100011001011000011110100101101110
148 198
0011101101000110011010010110000000000001110011100011101101111010100010100110110110101011101010000010011001000001110111100011011110110001110001001111
134 171
00101100101010000010110110010010001000111100001100001001100011101010110011011110101100000001101111001010001011100001011100001101111101
136 177
1001111111110110011011001011010110000110010001001011000011110010010110100011001110000111111011100000011100101110100110011110111001011101
55 68
0110000101011010101011001110010111001110001100001011011
93 131
011011010001101010011110011001011110010001010101111000010010011000000111011100110110100111010
91 140
1110101100111111000000111101101011101110010110111010111010101111001110010010000100101010001
18 192
100001001110001000
72 75
010100111011101011111010011001111100000000011010010011101000100001101111
33 176
111001110101001101001000000110001
197 199
00010011000100111101101100110110111100101101110010110110011001000110110100010110000000001101010010000100100101011101010010010010100110101001001101101110101100111101100100000101110000001101001110111
32 165
00101110111110010010110010101100
71 159
11100001001000001111111111000110111011101011000110100100011101110001011
178 188
1001001111100000011100110010000000011000011011010111111100000011101110010101010110101000111010111000001010001101101010001010111011111010100101001110000000111111000100110111101100
17 68
00010101001010100
99 165
011011010110100000111011011110100011010000101011101001011111001101111111001001110011010000110111100
152 156
01100101100011100001001101111001110101111101111011010000000001011010101011111101111100000001010110100100010110010001100011111011000111110100011001101010
53 80
00001001010101101110101110101000000111110001110001101
2 90
00
143 194
01110110001001010011100011101111110110011101111101011010001010100101111110111011110100101000011001001001011001010110001000001100011000001010011
118 130
0110100000001000110010101101010111001000110101001111010000011011001110111011110111010001001011010101000100001101000111
42 67
101011010011011000111001011101111111000000
101 116
00111101111110110010110100111010001010010001010100101000001101111110110101010000101010000001001111100
87 177
111001101000001000000100010111111111111001110110011101000001101001011110111000010100000
178 196
1111001110011100000011011101101000111010000010010001000100111000000000001110111111000101001110100010011010000111000100011010011111010011111100110110010010101011010000100110111101
167 176
10000011100010100101010010100101111110100000010000001111000100011100110010011010001111000001011111001000000110001101010110100011000011101010011011111101000000100101101
184 191
1100000001011100001010100101110001011111001111001010011101101000001000110111001001100011100101000100101111001011001010100100001110111011000110001111111010100010111111111110011000001010
192 198
101010110101000101100011100101101101100011101010011100100110111100000111100110000001011010001001101101001001101110110011100111000011001011100000010101100010110100001101000110110000011001001010
146 182
10111110001100110010101011111111101111101010011001000001011010001100011110111111111000101010101100011010011010001001001101001100000010000100111101
73 194
0101011111010001010001011110101011111011100111001110110101110001110000011
184 198
1010011100011111100011100100011000111001111010110101100110110110101000011000110110001110111001101110100110000110000010100000100100001101111011110100110011110010111100010111101110101000
107 166
00001010010111111101111000110010110110101011110100101010011110110001110011011100111100100000000010110111000
104 142
11001101010100100010110110100011001001010010010001110100010100101110000000111000000011000101000111111101
168 195
100000011111000010111111010110101100011011100000110101000111011010001111001001000111101100100101100010111000101010100111001000111011100010001100000101001001001100110110
159 197
101100010000111101110000100110100110010111001001010110111101011111110100001000100010111011111010000000000011010010001110111000101001111010111001010001010011000
70 131
0111011010101100010010101011011001100010110110011010111110100011110101
115 184
1101111101000010001111101100111011100101101111110110001100010010111110011101110001001111110000110101111100010111011
1 21
1
21 27
010111011110111101010
92 121
11100011001001101111001000111111110110010110111011000011000010101001001101010110111001110101
51 162
100101110100110001001010100000011100100110011001101
112 162
0010101110100110110001100011111101110011001111101111010011001011110101000100110011100011001101011110010101010100
166 189
1011001101110111110011111000110111111011100111100110011111110100111101111100010111001110100111100011101001000011001001000101100011001101110000111100011001100001001000
98 186
01111101001011010000101101011010111111101100010000100110111101000011000111101011110000010101100111
176 194
11000001000011010101100100010001111110000101111101011110111010110110110010110100110000000000001101110000011101101010111000001011101111011000111110000001010010000101010100010010
51 166
101000111010100111111110011011011000111011011001100
107 117
11101100000000011110100110110011100111011111111100010000110011000001110000010111100000100001111110001111100
100 143
1010011111101110010011100001100010001111101111011000001011100100110011110111100001010001010010100010
16 156
1011001101011010
111 160
001100101010101101000110111010010111101110000111100110001010111001011100111100011001110000001001100000111111010
197 198
10100101101011010010100101111100111110000111111110110010000001011011010011011101111010100001000101001000100011000101000111011000100101000100101111011000011111010010100101111101100100101011100110100
53 166
00111011001010010011011100010011011111110001011101000
4 89
0111
22 89
1011111101001100110010
148 189
0001010001010111011111001010001010100001110111101110000010110100000000000110101011010011111000110000010001011000010101001100001100111100000001111101
140 171
00100011111001111010100000110000100111111110101111110110100000011001000010000101011110001010111001111011000110100011001111110100001011001111
87 170
110100000010000111110111110010111001100001110100111011111110011010101100110100000111000
128 160
11100110101111110110101001101000100000101000110010110000111101110101111100111011110011001100010011110001100001001110011000011111
77 198
01110011100100101001001111000001110011111011101101100101011000010011101101101
62 166
10010001000000111111110011000111111110100111000010110110100110
142 192
1011101100001001111100101101100110100000111111001111110001100110001000000101111011011000100101100001001110010111110001111011000010101010111100
118 149
1100100100110100010010000110111111010011100001111010101100100011000010011100000010100101110111010100010000011110101001
52 121
1011000000011000001101010110110001010110100010110001
